sgRNA	gene	d0_rep1	d0_rep2	d0_rep3	d5_rep1	d5_rep2	d5_rep3	d15_rep1	d15_rep2	d15_rep3
gRNA_1	ABL1	3271.0	4002.0	3449.0	4440.0	4417.0	2419.0	4986.0	3397.0	3280.0
gRNA_2	ABL1	963.0	1241.0	879.0	2709.0	2791.0	1449.0	1769.0	1308.0	1100.0
gRNA_3	ABL1	1914.0	2102.0	1828.0	3402.0	3432.0	1929.0	3899.0	2042.0	2291.0
gRNA_67	AGO2	2147.0	1938.0	2189.0	2443.0	2343.0	1557.0	1357.0	909.0	841.0
gRNA_84	AKT1	28663.0	27697.0	7336.0	13262.0	21993.0	11535.0	21964.0	12916.0	13077.0
gRNA_85	AKT1	4864.0	5447.0	2507.0	2710.0	4679.0	2645.0	5924.0	3309.0	4773.0
gRNA_95	AKT1	8806.0	7961.0	2243.0	3355.0	6115.0	3382.0	4012.0	4539.0	4419.0
gRNA_120	AKT3	18372.0	16086.0	5902.0	11849.0	15116.0	9466.0	16283.0	7764.0	9752.0
gRNA_121	AKT3	10418.0	9225.0	4793.0	6578.0	8723.0	5453.0	10427.0	6011.0	8529.0
gRNA_122	AKT3	7469.0	8022.0	3859.0	4924.0	8612.0	4952.0	6819.0	6770.0	6523.0
gRNA_196	ALK	6113.0	5854.0	6797.0	7082.0	11496.0	6067.0	11294.0	7723.0	7769.0
gRNA_197	ALK	11975.0	13508.0	10320.0	8534.0	15118.0	8055.0	18053.0	12818.0	12052.0
gRNA_198	ALK	8157.0	9291.0	6914.0	10777.0	14864.0	7902.0	16973.0	11740.0	10763.0
gRNA_235	AMER1	24011.0	26532.0	25811.0	18326.0	28972.0	18328.0	44296.0	24207.0	26109.0
gRNA_283	ANKRD11	18166.0	16381.0	18505.0	13443.0	26782.0	15724.0	27411.0	17280.0	21904.0
gRNA_284	ANKRD11	17209.0	18847.0	17496.0	12083.0	21644.0	14027.0	29436.0	13955.0	19190.0
gRNA_285	ANKRD11	19151.0	20399.0	22744.0	13562.0	27989.0	15936.0	26688.0	19510.0	21592.0
gRNA_292	APC	14604.0	14760.0	15613.0	14745.0	20717.0	11616.0	26899.0	17049.0	19954.0
gRNA_293	APC	7423.0	6338.0	7644.0	6851.0	10421.0	7722.0	13132.0	8104.0	10405.0
gRNA_299	APC	21000.0	21227.0	22542.0	17895.0	28596.0	15428.0	33896.0	21134.0	22939.0
gRNA_300	APC	4414.0	3805.0	4396.0	5337.0	6537.0	4677.0	8763.0	6532.0	6992.0
gRNA_497	ARAF	2508.0	3020.0	1526.0	1690.0	3310.0	1716.0	1939.0	1557.0	1849.0
gRNA_498	ARAF	15491.0	18464.0	14437.0	12896.0	21189.0	11334.0	23691.0	12990.0	14559.0
gRNA_528	ARID1A	19858.0	25099.0	15631.0	14162.0	25747.0	14978.0	30031.0	17243.0	21170.0
gRNA_594	ARID1A	13510.0	14531.0	12627.0	12512.0	18337.0	10175.0	18947.0	14310.0	14833.0
gRNA_671	ARID1A	3925.0	3565.0	4070.0	2374.0	5614.0	4468.0	5415.0	3275.0	3418.0
gRNA_736	ARID1B	3316.0	3807.0	2659.0	4130.0	8776.0	5319.0	8249.0	4094.0	5103.0
gRNA_740	ARID1B	9995.0	9321.0	10018.0	8269.0	13161.0	8261.0	20647.0	9850.0	10582.0
gRNA_741	ARID1B	18570.0	19521.0	18877.0	13483.0	30037.0	13235.0	29871.0	17390.0	20433.0
gRNA_767	ARID1B	17664.0	19145.0	16942.0	13529.0	18067.0	11561.0	27013.0	14928.0	18899.0
gRNA_768	ARID1B	8970.0	9066.0	8046.0	4452.0	9928.0	5784.0	10811.0	6234.0	5196.0
gRNA_769	ARID1B	17413.0	18815.0	14451.0	10801.0	22431.0	12284.0	22503.0	15652.0	15082.0
gRNA_806	ARID1B	2080.0	2132.0	713.0	681.0	1477.0	768.0	1062.0	305.0	362.0
gRNA_807	ARID1B	3861.0	3446.0	2007.0	1159.0	2938.0	1241.0	855.0	2048.0	2245.0
gRNA_828	ARID2	7467.0	8147.0	9288.0	6392.0	11880.0	7607.0	12690.0	6733.0	6523.0
gRNA_829	ARID2	7222.0	8039.0	8302.0	8015.0	11401.0	5842.0	11527.0	6585.0	6026.0
gRNA_830	ARID2	13261.0	14337.0	14781.0	15315.0	16292.0	9748.0	25424.0	14590.0	12178.0
gRNA_831	ARID2	7162.0	7329.0	8597.0	7304.0	11359.0	5893.0	10400.0	6932.0	7389.0
gRNA_871	ARID2	16768.0	16878.0	12787.0	13817.0	27214.0	14239.0	25207.0	14434.0	17857.0
gRNA_895	ARID5B	3694.0	2998.0	1150.0	2994.0	4080.0	2704.0	6809.0	4274.0	4443.0
gRNA_896	ARID5B	12694.0	13291.0	3878.0	7849.0	11521.0	6326.0	18479.0	8028.0	9302.0
gRNA_901	ARID5B	20566.0	18708.0	5142.0	5537.0	9056.0	4146.0	10740.0	8049.0	8651.0
gRNA_974	ASXL2	18567.0	21493.0	17899.0	10759.0	21335.0	12150.0	28698.0	16369.0	15135.0
gRNA_978	ASXL2	14569.0	15563.0	15226.0	11191.0	20887.0	11069.0	19131.0	10382.0	13351.0
gRNA_979	ASXL2	9415.0	8712.0	8661.0	5937.0	9320.0	6436.0	9945.0	7585.0	9621.0
gRNA_992	ATM	9038.0	8388.0	8993.0	8538.0	13692.0	8005.0	14654.0	9222.0	9283.0
gRNA_993	ATM	8727.0	7642.0	7773.0	6544.0	11907.0	5874.0	14869.0	9902.0	10425.0
gRNA_999	ATM	29020.0	31197.0	30008.0	20265.0	42604.0	23324.0	46895.0	23658.0	25573.0
gRNA_1000	ATM	24818.0	24798.0	8283.0	11682.0	17696.0	11668.0	23106.0	14228.0	17813.0
gRNA_1008	ATM	26809.0	34092.0	24234.0	22379.0	38688.0	20657.0	59118.0	27317.0	32130.0
gRNA_1009	ATM	36302.0	33821.0	17059.0	14228.0	28014.0	14525.0	29985.0	17716.0	16570.0
gRNA_1010	ATM	12272.0	13402.0	4929.0	9958.0	13305.0	7997.0	12288.0	9692.0	11814.0
gRNA_1011	ATM	19425.0	19734.0	13860.0	15624.0	21915.0	12054.0	23552.0	13860.0	10923.0
gRNA_1014	ATM	28307.0	29075.0	27901.0	17755.0	38292.0	23048.0	50325.0	25409.0	30644.0
gRNA_1017	ATM	9943.0	11566.0	9833.0	6345.0	11708.0	8174.0	15884.0	9909.0	10633.0
gRNA_1018	ATM	5044.0	4632.0	4880.0	7515.0	7737.0	4444.0	10970.0	4994.0	5223.0
gRNA_1035	ATM	5613.0	5536.0	5018.0	5303.0	8633.0	5382.0	7320.0	6486.0	8008.0
gRNA_1036	ATM	8052.0	8164.0	1662.0	2307.0	3888.0	2036.0	3333.0	2293.0	2615.0
gRNA_1045	ATM	13406.0	15813.0	13640.0	9776.0	17698.0	10340.0	24878.0	15468.0	15607.0
gRNA_1046	ATM	12548.0	16022.0	13334.0	11131.0	22700.0	11786.0	20562.0	12457.0	16528.0
gRNA_1047	ATM	4196.0	4704.0	3677.0	4325.0	5850.0	3363.0	8830.0	3215.0	3083.0
gRNA_1048	ATM	9482.0	11280.0	8516.0	11415.0	17814.0	9859.0	20476.0	10496.0	9442.0
gRNA_1049	ATM	36104.0	34605.0	17408.0	15640.0	23239.0	14149.0	17990.0	12908.0	15012.0
gRNA_1056	ATM	5734.0	6543.0	5233.0	5476.0	12237.0	6464.0	12479.0	5899.0	7715.0
gRNA_1065	ATM	13591.0	12981.0	13201.0	9832.0	16002.0	10567.0	17393.0	12535.0	12534.0
gRNA_1066	ATM	24678.0	25007.0	27275.0	17838.0	29133.0	18416.0	35168.0	19033.0	24219.0
gRNA_1069	ATP6V1B2	7195.0	8662.0	7148.0	8446.0	13233.0	7246.0	18894.0	9078.0	9514.0
gRNA_1082	ATR	12691.0	14322.0	14624.0	10957.0	20551.0	12635.0	18320.0	11618.0	11852.0
gRNA_1083	ATR	15605.0	17351.0	18122.0	12241.0	26024.0	12486.0	17897.0	11232.0	11236.0
gRNA_1095	ATR	11068.0	10929.0	12539.0	8058.0	14274.0	9739.0	11327.0	7885.0	11095.0
gRNA_1109	ATR	5938.0	5991.0	5551.0	6128.0	9885.0	5748.0	10380.0	6344.0	6970.0
gRNA_1121	ATRX	23216.0	23108.0	22565.0	20228.0	31410.0	19814.0	52574.0	28625.0	29348.0
gRNA_1122	ATRX	13186.0	14067.0	12150.0	13226.0	21635.0	13146.0	23357.0	15272.0	15174.0
gRNA_1127	ATRX	9730.0	11285.0	11184.0	9023.0	16409.0	8951.0	17090.0	8507.0	11718.0
gRNA_1145	ATRX	11981.0	12306.0	10685.0	7358.0	14899.0	8840.0	20905.0	11729.0	13814.0
gRNA_1146	ATRX	17421.0	17700.0	22938.0	13682.0	22792.0	16036.0	29456.0	20602.0	22677.0
gRNA_1148	ATRX	7104.0	9390.0	4995.0	6083.0	10085.0	5854.0	14587.0	7503.0	8229.0
gRNA_1149	ATRX	10005.0	9665.0	3219.0	6970.0	12259.0	7950.0	12564.0	7561.0	9521.0
gRNA_1150	ATRX	17875.0	19078.0	20716.0	18190.0	27213.0	16102.0	40857.0	18259.0	21766.0
gRNA_1151	ATRX	7560.0	6552.0	7741.0	7487.0	9542.0	6675.0	13199.0	7261.0	8801.0
gRNA_1281	B2M	19638.0	18314.0	10506.0	10074.0	19076.0	11387.0	18726.0	8314.0	10681.0
gRNA_1282	B2M	19294.0	21602.0	18478.0	17998.0	25460.0	17001.0	32010.0	17588.0	19211.0
gRNA_1283	B2M	6287.0	6846.0	7307.0	5710.0	8141.0	4750.0	9830.0	3259.0	5008.0
gRNA_1284	B2M	11135.0	11694.0	7306.0	9368.0	17893.0	11105.0	16945.0	11527.0	14682.0
gRNA_1285	B2M	8660.0	9308.0	2991.0	3834.0	7683.0	4581.0	4787.0	5295.0	7401.0
gRNA_1313	BAP1	16026.0	21142.0	15904.0	10462.0	21459.0	11900.0	27911.0	11244.0	13641.0
gRNA_1314	BAP1	13283.0	13379.0	5984.0	5027.0	8283.0	4496.0	7711.0	4843.0	6509.0
gRNA_1317	BAP1	17929.0	17413.0	6496.0	8095.0	14418.0	7934.0	16538.0	10155.0	11204.0
gRNA_1318	BAP1	9458.0	10545.0	7908.0	6246.0	13360.0	6770.0	20183.0	11555.0	11829.0
gRNA_1321	BAP1	12764.0	14822.0	12221.0	14585.0	23457.0	13957.0	31492.0	14752.0	17226.0
gRNA_1322	BAP1	17644.0	18931.0	7277.0	11684.0	18636.0	10490.0	24776.0	12994.0	14911.0
gRNA_1337	BAP1	17193.0	16251.0	9341.0	7536.0	12423.0	7733.0	18655.0	9984.0	9167.0
gRNA_1338	BAP1	15711.0	19176.0	9866.0	9316.0	17693.0	11188.0	23190.0	14968.0	14595.0
gRNA_1339	BAP1	14266.0	15414.0	10139.0	7435.0	12203.0	9085.0	13332.0	10533.0	10437.0
gRNA_1340	BAP1	31399.0	32002.0	14907.0	13206.0	21237.0	12171.0	34322.0	18199.0	23322.0
gRNA_1341	BAP1	9126.0	10028.0	8634.0	8674.0	14110.0	9097.0	23234.0	12614.0	11435.0
gRNA_1342	BAP1	21574.0	21092.0	14131.0	9522.0	17264.0	9340.0	15916.0	12153.0	12791.0
gRNA_1343	BAP1	11489.0	13016.0	4556.0	7646.0	12941.0	6056.0	17146.0	9966.0	12037.0
gRNA_1361	BAP1	23017.0	29635.0	18049.0	18645.0	40505.0	17636.0	47765.0	27001.0	25442.0
gRNA_1362	BAP1	16819.0	20329.0	16175.0	16026.0	24409.0	12961.0	33587.0	15751.0	18831.0
gRNA_1373	BCL2	48822.0	55039.0	34377.0	26973.0	45822.0	23245.0	65160.0	33324.0	32877.0
gRNA_1374	BCL2	19940.0	19511.0	10898.0	8163.0	11613.0	6156.0	15769.0	6368.0	9023.0
gRNA_1375	BCL2	35018.0	30689.0	17120.0	15295.0	23676.0	11728.0	29326.0	13693.0	14506.0
gRNA_1376	BCL2	3503.0	3149.0	2662.0	2966.0	5745.0	3519.0	6305.0	3429.0	4357.0
gRNA_1377	BCL2	4989.0	5640.0	3610.0	4763.0	7776.0	4612.0	9173.0	5569.0	5806.0
gRNA_1378	BCL2	2765.0	2639.0	1815.0	3148.0	5972.0	3527.0	4285.0	2567.0	3639.0
gRNA_1379	BCL2	19035.0	20019.0	3160.0	3358.0	7960.0	4031.0	6432.0	4940.0	6017.0
gRNA_1380	BCL2	2765.0	2796.0	2052.0	1654.0	2916.0	1675.0	1379.0	1210.0	1589.0
gRNA_1381	BCL2	19684.0	15692.0	3540.0	5209.0	8946.0	5618.0	8767.0	7660.0	8823.0
gRNA_1382	BCL2	18218.0	18124.0	4262.0	8301.0	11462.0	5514.0	12857.0	7653.0	8774.0
gRNA_1383	BCL2	5821.0	5500.0	3695.0	3860.0	7299.0	4319.0	7326.0	5228.0	5962.0
gRNA_1384	BCL2	5382.0	5495.0	3735.0	4131.0	7739.0	4360.0	5690.0	6351.0	7471.0
gRNA_1385	BCL2	8787.0	8458.0	4129.0	5753.0	8431.0	5426.0	12107.0	7283.0	10011.0
gRNA_1406	BCL2	3564.0	3236.0	3116.0	2093.0	4899.0	2055.0	3165.0	2323.0	2610.0
gRNA_1407	BCL2	9260.0	9128.0	5320.0	9437.0	11685.0	6697.0	19009.0	9966.0	10529.0
gRNA_1459	BCOR	26793.0	27322.0	24209.0	15748.0	31691.0	19077.0	33956.0	18945.0	23441.0
gRNA_1460	BCOR	24478.0	23239.0	23987.0	18067.0	32156.0	20697.0	33904.0	16974.0	13882.0
gRNA_1461	BCOR	10695.0	10272.0	10269.0	9297.0	16646.0	10475.0	16224.0	9892.0	12112.0
gRNA_1463	BCOR	9002.0	11313.0	9347.0	7356.0	10442.0	6656.0	13473.0	7779.0	6173.0
gRNA_1491	BCOR	18138.0	18713.0	18927.0	15252.0	22966.0	15164.0	37672.0	15885.0	20774.0
gRNA_1492	BCOR	13963.0	14563.0	14578.0	9038.0	18110.0	9826.0	23574.0	12152.0	10566.0
gRNA_1545	BRAF	10633.0	10507.0	11260.0	11135.0	15589.0	10219.0	24238.0	13712.0	11839.0
gRNA_1548	BRAF	10442.0	11414.0	11200.0	9612.0	14914.0	9592.0	19107.0	9223.0	11112.0
gRNA_1549	BRAF	6018.0	7976.0	6867.0	6128.0	8031.0	4415.0	11411.0	6194.0	6463.0
gRNA_1550	BRAF	7703.0	8361.0	5704.0	10051.0	15269.0	9599.0	13708.0	7858.0	11321.0
gRNA_1551	BRAF	14945.0	15721.0	16557.0	15918.0	28774.0	15451.0	29841.0	20254.0	21413.0
gRNA_1552	BRAF	10173.0	10965.0	11660.0	12116.0	19886.0	10920.0	19803.0	12259.0	13201.0
gRNA_1558	BRAF	22430.0	27246.0	23082.0	12299.0	26244.0	15152.0	33891.0	17994.0	23311.0
gRNA_1559	BRAF	14142.0	14667.0	14984.0	13482.0	20906.0	11322.0	27510.0	12493.0	16337.0
gRNA_1569	BRAF	14353.0	14158.0	14828.0	13617.0	20129.0	11528.0	22389.0	13277.0	12857.0
gRNA_1570	BRAF	16698.0	18120.0	17026.0	12803.0	26536.0	12987.0	26163.0	18996.0	19023.0
gRNA_1573	BRAF	2051.0	2290.0	1640.0	2481.0	3467.0	2223.0	4202.0	2286.0	2225.0
gRNA_1583	BRCA1	17379.0	19223.0	17671.0	10383.0	17088.0	12584.0	27649.0	18405.0	16803.0
gRNA_1588	BRCA2	11007.0	10359.0	12422.0	12241.0	17398.0	10526.0	22599.0	12322.0	12051.0
gRNA_1590	BRCA2	34960.0	37567.0	35113.0	22098.0	40618.0	24528.0	49527.0	31821.0	35640.0
gRNA_1591	BRCA2	21001.0	22460.0	16715.0	16053.0	29025.0	14991.0	36099.0	18768.0	18292.0
gRNA_1592	BRCA2	8189.0	10467.0	8155.0	8583.0	16072.0	9157.0	14377.0	9134.0	10416.0
gRNA_1696	BTK	18302.0	17844.0	22673.0	13119.0	19617.0	12618.0	34386.0	15936.0	18797.0
gRNA_1725	CARD11	5261.0	5816.0	4246.0	7483.0	10976.0	6030.0	12608.0	7651.0	8468.0
gRNA_1726	CARD11	3860.0	4909.0	2827.0	5848.0	9723.0	4758.0	9218.0	5996.0	7094.0
gRNA_1733	CARD11	13817.0	13472.0	13470.0	11920.0	18722.0	11145.0	26606.0	11592.0	18921.0
gRNA_1738	CARD11	5160.0	4755.0	4542.0	4743.0	6423.0	4347.0	9454.0	4598.0	5124.0
gRNA_1817	CARD11	15441.0	16217.0	17038.0	10494.0	20528.0	11464.0	20491.0	9143.0	14777.0
gRNA_1848	CARM1	18008.0	15847.0	3986.0	5377.0	8702.0	3470.0	12354.0	5950.0	6904.0
gRNA_1855	CASP8	14433.0	17258.0	12096.0	9496.0	18241.0	8838.0	23753.0	15595.0	14438.0
gRNA_1857	CASP8	11105.0	12689.0	12773.0	11056.0	16519.0	8384.0	15236.0	9603.0	9133.0
gRNA_1858	CASP8	5283.0	5764.0	5083.0	4030.0	5923.0	3311.0	6728.0	5089.0	6116.0
gRNA_1871	CBFB	21851.0	21624.0	27900.0	20341.0	32566.0	21162.0	43663.0	18420.0	20634.0
gRNA_1875	CBFB	12294.0	14842.0	13534.0	11341.0	23219.0	10711.0	21496.0	14281.0	14229.0
gRNA_1876	CBFB	5866.0	5032.0	5730.0	6761.0	7408.0	4856.0	9520.0	4252.0	5979.0
gRNA_1882	CBL	8874.0	8505.0	10782.0	6926.0	9636.0	6794.0	10312.0	6666.0	5053.0
gRNA_1898	CBL	10895.0	10390.0	11138.0	9382.0	14704.0	8181.0	16782.0	11513.0	12662.0
gRNA_1901	CBL	20994.0	20975.0	26795.0	21464.0	33415.0	19826.0	43967.0	23814.0	24393.0
gRNA_1904	CBL	5803.0	6037.0	3858.0	3405.0	4511.0	2823.0	6843.0	3580.0	6332.0
gRNA_1905	CBL	9174.0	10994.0	5287.0	6886.0	12830.0	7181.0	13212.0	6105.0	8533.0
gRNA_1906	CBL	11419.0	10531.0	11929.0	11162.0	15407.0	8035.0	18998.0	10534.0	11469.0
gRNA_1925	CCND1	34922.0	34840.0	32696.0	23938.0	47616.0	27378.0	45231.0	25274.0	32204.0
gRNA_1928	CCND1	2129.0	1631.0	1796.0	1488.0	2330.0	1190.0	2486.0	1932.0	2193.0
gRNA_1929	CCND1	3159.0	3162.0	2396.0	1768.0	2773.0	1543.0	6489.0	2983.0	5201.0
gRNA_1930	CCND1	15641.0	14309.0	2864.0	3020.0	5154.0	3044.0	6419.0	5113.0	5590.0
gRNA_1953	CCND3	10734.0	12561.0	7656.0	7478.0	11797.0	8424.0	16596.0	7593.0	10262.0
gRNA_1961	CCND3	13991.0	17287.0	10376.0	7037.0	15240.0	7723.0	19222.0	12074.0	14558.0
gRNA_1962	CCND3	12412.0	16585.0	8932.0	11734.0	17788.0	10052.0	27690.0	13759.0	15767.0
gRNA_1963	CCND3	23720.0	27943.0	17032.0	16764.0	32485.0	16901.0	57382.0	27462.0	30665.0
gRNA_1972	CD79A	15881.0	16193.0	18823.0	12576.0	20129.0	10729.0	22298.0	14353.0	15885.0
gRNA_1973	CD79A	13508.0	12972.0	12289.0	9208.0	15845.0	10236.0	24116.0	9445.0	10663.0
gRNA_1977	CD79A	5931.0	5575.0	3992.0	8165.0	12315.0	7148.0	12485.0	9312.0	9533.0
gRNA_1978	CD79A	6278.0	6532.0	5734.0	5211.0	9747.0	5074.0	9409.0	5653.0	6438.0
gRNA_1980	CD79B	4955.0	4956.0	2945.0	3519.0	5412.0	2812.0	6273.0	2668.0	2721.0
gRNA_1981	CD79B	38924.0	37130.0	29347.0	21156.0	43147.0	28352.0	49999.0	24100.0	29589.0
gRNA_1983	CD79B	20615.0	21522.0	19369.0	11365.0	17996.0	10010.0	25741.0	15370.0	17055.0
gRNA_1984	CD79B	29704.0	31039.0	31256.0	17082.0	33961.0	20616.0	42523.0	20978.0	26001.0
gRNA_1985	CD79B	36127.0	41055.0	36363.0	19827.0	32584.0	21634.0	55701.0	28108.0	28125.0
gRNA_1989	CDC73	11484.0	11158.0	13915.0	12517.0	18707.0	10205.0	25927.0	10749.0	13529.0
gRNA_1994	CDC73	12665.0	11394.0	10935.0	9282.0	18530.0	11386.0	18828.0	10520.0	10875.0
gRNA_1995	CDC73	11520.0	11633.0	11466.0	7892.0	13980.0	8273.0	11824.0	8590.0	12099.0
gRNA_1996	CDC73	5705.0	6285.0	4915.0	5332.0	7695.0	3810.0	10501.0	8538.0	7760.0
gRNA_2011	CDH1	14592.0	14904.0	5038.0	6095.0	10263.0	6474.0	14557.0	8019.0	7465.0
gRNA_2012	CDH1	10762.0	11600.0	8301.0	8618.0	17033.0	8849.0	13707.0	8543.0	12102.0
gRNA_2043	CDK12	14629.0	15716.0	16717.0	11496.0	18956.0	10561.0	20974.0	13095.0	10176.0
gRNA_2044	CDK12	4548.0	7235.0	5298.0	5548.0	7006.0	3682.0	8637.0	4372.0	5537.0
gRNA_2105	CDK8	2713.0	3300.0	2683.0	3421.0	4589.0	2687.0	5168.0	4173.0	3911.0
gRNA_2133	CHEK2	16146.0	16743.0	16387.0	11533.0	18669.0	11184.0	22214.0	14671.0	16252.0
gRNA_2134	CHEK2	7007.0	6451.0	6937.0	5482.0	10132.0	5224.0	9457.0	7793.0	8280.0
gRNA_2135	CHEK2	9342.0	7900.0	10262.0	6927.0	11170.0	6495.0	13608.0	8585.0	9872.0
gRNA_2154	CIC	26265.0	27581.0	23262.0	12543.0	28369.0	16555.0	25716.0	18644.0	21584.0
gRNA_2202	CIC	21936.0	21327.0	19916.0	14524.0	23742.0	14767.0	35869.0	17478.0	20012.0
gRNA_2203	CIC	13511.0	15423.0	14838.0	14918.0	23091.0	12972.0	27372.0	12777.0	13928.0
gRNA_2215	CREBBP	10153.0	9109.0	6061.0	5458.0	8873.0	5933.0	9101.0	7792.0	8689.0
gRNA_2234	CREBBP	36625.0	38137.0	15485.0	18042.0	29989.0	17317.0	46366.0	30215.0	22362.0
gRNA_2240	CREBBP	22838.0	20102.0	14336.0	11801.0	19915.0	12275.0	21078.0	12459.0	16531.0
gRNA_2265	CREBBP	5863.0	6095.0	4738.0	5024.0	8731.0	5542.0	8935.0	4304.0	6076.0
gRNA_2268	CREBBP	4549.0	4605.0	4340.0	2677.0	4482.0	2531.0	4301.0	2349.0	2661.0
gRNA_2269	CREBBP	9627.0	8133.0	5528.0	7509.0	8569.0	6397.0	17542.0	8497.0	9149.0
gRNA_2270	CREBBP	8846.0	10123.0	8364.0	9626.0	13004.0	6984.0	14542.0	8455.0	9515.0
gRNA_2281	CREBBP	24858.0	27614.0	26839.0	18495.0	30544.0	19708.0	37749.0	21301.0	24641.0
gRNA_2284	CREBBP	16617.0	20398.0	15064.0	11395.0	23306.0	13912.0	26469.0	19458.0	23173.0
gRNA_2285	CREBBP	17496.0	21096.0	17658.0	13133.0	21233.0	14318.0	34080.0	20958.0	20427.0
gRNA_2292	CREBBP	23217.0	25175.0	23534.0	19208.0	25109.0	13754.0	46579.0	21431.0	23663.0
gRNA_2293	CREBBP	29290.0	30100.0	30484.0	19290.0	31497.0	17953.0	46651.0	19546.0	26968.0
gRNA_2294	CREBBP	22938.0	22371.0	25404.0	16385.0	29575.0	18610.0	32036.0	15063.0	17598.0
gRNA_2297	CREBBP	33224.0	37668.0	27598.0	29778.0	46079.0	22657.0	70746.0	36962.0	42963.0
gRNA_2298	CREBBP	12883.0	12202.0	11299.0	9585.0	14332.0	8381.0	18826.0	13508.0	15382.0
gRNA_2316	CREBBP	7339.0	8944.0	7727.0	6935.0	10644.0	6545.0	13178.0	7813.0	8705.0
gRNA_2326	CREBBP	12058.0	11078.0	10296.0	9212.0	16414.0	9436.0	17738.0	11900.0	14894.0
gRNA_2384	CSF3R	4786.0	4967.0	3676.0	8117.0	10350.0	7375.0	16847.0	9310.0	10042.0
gRNA_2385	CSF3R	12939.0	14530.0	9762.0	16415.0	24166.0	12067.0	22830.0	14612.0	14600.0
gRNA_2386	CSF3R	10695.0	11877.0	9942.0	8742.0	14429.0	7501.0	16201.0	10569.0	10527.0
gRNA_2387	CSF3R	14961.0	16520.0	14503.0	15230.0	26338.0	14114.0	32578.0	19473.0	20576.0
gRNA_2388	CSF3R	8773.0	9857.0	7208.0	12438.0	18342.0	10118.0	17660.0	16233.0	17508.0
gRNA_2398	CTCF	439.0	552.0	432.0	339.0	624.0	635.0	754.0	459.0	302.0
gRNA_2399	CTCF	27739.0	26763.0	14870.0	13961.0	25747.0	14019.0	28675.0	13426.0	17185.0
gRNA_2401	CTCF	2075.0	1978.0	1873.0	1328.0	3341.0	1631.0	2945.0	2825.0	2932.0
gRNA_2415	CTCF	14535.0	15975.0	18456.0	17038.0	25312.0	16968.0	34653.0	14805.0	18126.0
gRNA_2416	CTCF	61879.0	66773.0	41529.0	30328.0	54582.0	28759.0	86490.0	45103.0	44231.0
gRNA_2417	CTCF	35826.0	37359.0	16156.0	14826.0	30130.0	18112.0	38441.0	22637.0	24666.0
gRNA_2440	CTCF	14479.0	16021.0	15585.0	7926.0	16985.0	8363.0	11786.0	12254.0	10768.0
gRNA_2441	CTCF	14981.0	17999.0	10539.0	13646.0	26957.0	16629.0	35235.0	13838.0	20089.0
gRNA_2445	CTNNB1	16300.0	14037.0	15383.0	15741.0	25971.0	15533.0	26185.0	15698.0	17840.0
gRNA_2446	CTNNB1	7538.0	8278.0	9309.0	7806.0	13644.0	9331.0	15852.0	9524.0	9579.0
gRNA_2457	CTNNB1	17391.0	19074.0	16070.0	11148.0	19558.0	9509.0	20653.0	11621.0	13606.0
gRNA_2458	CTNNB1	4940.0	4851.0	5050.0	3274.0	6051.0	3184.0	6371.0	4734.0	4339.0
gRNA_2466	CTNNB1	21309.0	22660.0	19673.0	15105.0	29591.0	16155.0	31946.0	16953.0	21027.0
gRNA_2472	CTNNB1	4166.0	4177.0	4441.0	3253.0	6538.0	4237.0	5351.0	4938.0	3676.0
gRNA_2473	CTNNB1	6055.0	6009.0	6277.0	5050.0	7658.0	4012.0	10722.0	4061.0	4985.0
gRNA_2474	CTNNB1	1439.0	1436.0	1319.0	3013.0	4065.0	2423.0	5038.0	2342.0	2374.0
gRNA_2494	CTNNB1	9254.0	10521.0	9065.0	3714.0	10723.0	4840.0	9415.0	5556.0	7744.0
gRNA_2521	CUL3	6875.0	6230.0	7110.0	5189.0	7660.0	4893.0	11059.0	6873.0	7616.0
gRNA_2526	CUL3	10015.0	9662.0	9083.0	8717.0	14460.0	7634.0	21795.0	12759.0	10608.0
gRNA_2527	CUL3	6273.0	5676.0	5552.0	4966.0	8533.0	4263.0	13152.0	5727.0	7090.0
gRNA_2568	DAXX	16523.0	20921.0	15904.0	22689.0	34344.0	18601.0	40102.0	24026.0	21061.0
gRNA_2569	DAXX	14850.0	17169.0	4188.0	12945.0	18727.0	10938.0	30431.0	14883.0	15535.0
gRNA_2620	DICER1	33623.0	33083.0	36442.0	22605.0	39340.0	23472.0	57126.0	32469.0	26988.0
gRNA_2645	DIS3	2221.0	2541.0	2758.0	1363.0	1927.0	1331.0	2519.0	1287.0	2358.0
gRNA_2648	DIS3	10830.0	11029.0	9107.0	8776.0	11740.0	8414.0	16044.0	10765.0	12082.0
gRNA_2649	DIS3	24072.0	27191.0	21311.0	16909.0	30972.0	18513.0	35358.0	20516.0	25104.0
gRNA_2657	DIS3	14687.0	15906.0	12348.0	9344.0	19394.0	11792.0	19959.0	15141.0	16762.0
gRNA_2658	DIS3	13746.0	14047.0	4242.0	5191.0	7952.0	4840.0	9500.0	8631.0	10105.0
gRNA_2671	DNMT1	2069.0	2514.0	2393.0	2975.0	3990.0	2679.0	4921.0	2344.0	4833.0
gRNA_2679	DNMT3A	13289.0	16377.0	7601.0	9694.0	16583.0	8358.0	27738.0	13148.0	14221.0
gRNA_2683	DNMT3A	13006.0	14723.0	9303.0	10159.0	18626.0	9794.0	16984.0	11034.0	18580.0
gRNA_2684	DNMT3A	7413.0	8783.0	5780.0	6282.0	10018.0	5614.0	14090.0	6982.0	8468.0
gRNA_2691	DNMT3A	43185.0	48299.0	23166.0	16712.0	28003.0	12770.0	42137.0	24758.0	25186.0
gRNA_2692	DNMT3A	29890.0	35633.0	29059.0	20975.0	37348.0	17544.0	49140.0	26386.0	30392.0
gRNA_2693	DNMT3A	22383.0	26041.0	29516.0	16985.0	34292.0	18257.0	37843.0	19670.0	25328.0
gRNA_2694	DNMT3A	20989.0	26395.0	24394.0	16729.0	30214.0	18347.0	37001.0	23948.0	23467.0
gRNA_2696	DNMT3A	16240.0	14687.0	9614.0	7487.0	11945.0	7979.0	16107.0	8763.0	10162.0
gRNA_2697	DNMT3A	15810.0	17420.0	19554.0	12580.0	23772.0	15199.0	29905.0	19657.0	21095.0
gRNA_2698	DNMT3A	39147.0	41826.0	27924.0	23879.0	39309.0	23081.0	37893.0	25289.0	29157.0
gRNA_2702	DNMT3A	4112.0	4272.0	3668.0	3738.0	5718.0	2976.0	6734.0	5828.0	6572.0
gRNA_2703	DNMT3A	9536.0	9298.0	3235.0	6697.0	10940.0	6012.0	13152.0	6567.0	7032.0
gRNA_2723	DNMT3A	16223.0	18436.0	12939.0	12868.0	19426.0	11638.0	32121.0	21154.0	20814.0
gRNA_2724	DNMT3A	9413.0	12343.0	6853.0	9436.0	14400.0	7469.0	17726.0	9657.0	12264.0
gRNA_2739	DNMT3A	28554.0	27161.0	28688.0	17978.0	41402.0	21616.0	53555.0	21622.0	28129.0
gRNA_2747	DNMT3A	6031.0	7134.0	3591.0	8013.0	11633.0	5618.0	19479.0	9450.0	8968.0
gRNA_2748	DNMT3A	3243.0	4148.0	2465.0	2292.0	5103.0	2393.0	4335.0	2477.0	4037.0
gRNA_2775	DNMT3A	24561.0	26188.0	8971.0	20406.0	30339.0	17707.0	40880.0	20868.0	24037.0
gRNA_2776	DNMT3A	14750.0	18943.0	15169.0	12811.0	22271.0	11848.0	27241.0	14195.0	14280.0
gRNA_2777	DNMT3A	9641.0	8875.0	7858.0	9057.0	15252.0	8809.0	16277.0	9380.0	11819.0
gRNA_2778	DNMT3A	9127.0	11082.0	7661.0	10689.0	16155.0	8752.0	21578.0	10164.0	14356.0
gRNA_2784	DNMT3A	8252.0	8116.0	5576.0	6516.0	11241.0	5729.0	11081.0	7922.0	8452.0
gRNA_2785	DNMT3A	6719.0	8389.0	4852.0	5936.0	9758.0	6648.0	12455.0	9065.0	12233.0
gRNA_2794	DNMT3A	20926.0	23976.0	17796.0	13640.0	26451.0	11793.0	27851.0	17769.0	20220.0
gRNA_2802	DNMT3A	33246.0	34733.0	25153.0	17011.0	29677.0	16941.0	37385.0	19657.0	24101.0
gRNA_2803	DNMT3A	23417.0	26697.0	27608.0	20114.0	30789.0	17258.0	41849.0	22211.0	20039.0
gRNA_2810	DNMT3A	10872.0	12572.0	7681.0	13454.0	22073.0	8509.0	30614.0	11357.0	11960.0
gRNA_2842	DOT1L	16828.0	19882.0	11350.0	15048.0	25441.0	13814.0	24747.0	19010.0	21446.0
gRNA_2891	DROSHA	10652.0	11665.0	8825.0	7817.0	13398.0	8156.0	13055.0	8991.0	11583.0
gRNA_2892	DROSHA	6380.0	5586.0	5737.0	5835.0	9449.0	5307.0	10208.0	5294.0	6913.0
gRNA_2914	DROSHA	6680.0	7231.0	5834.0	4758.0	8627.0	5756.0	10118.0	7417.0	8391.0
gRNA_2917	DTX1	9096.0	7756.0	2085.0	2992.0	4761.0	3369.0	5127.0	2588.0	3244.0
gRNA_2918	DTX1	22750.0	21555.0	16116.0	12417.0	19260.0	12006.0	29880.0	15281.0	13236.0
gRNA_2947	EED	11927.0	11452.0	12076.0	6473.0	15646.0	8554.0	18449.0	8133.0	10109.0
gRNA_2949	EED	17212.0	18563.0	20451.0	12552.0	24544.0	13549.0	26565.0	16084.0	18185.0
gRNA_2950	EED	4757.0	4895.0	5790.0	4818.0	6989.0	5196.0	10919.0	5183.0	6452.0
gRNA_2951	EED	8884.0	7818.0	7630.0	5562.0	11556.0	6676.0	12276.0	7676.0	7506.0
gRNA_2952	EED	4193.0	3228.0	3432.0	4248.0	6237.0	4101.0	6861.0	4068.0	4454.0
gRNA_2956	EED	7955.0	8054.0	10507.0	6802.0	11093.0	6701.0	12091.0	8022.0	7163.0
gRNA_2957	EED	13970.0	16508.0	15587.0	10414.0	15509.0	10987.0	23920.0	14643.0	11423.0
gRNA_2963	EGFR	12671.0	12966.0	14232.0	7894.0	22678.0	11557.0	17526.0	13329.0	14014.0
gRNA_2971	EGFR	36486.0	34450.0	23949.0	17019.0	26333.0	17549.0	38289.0	19786.0	21274.0
gRNA_2975	EGFR	7138.0	7398.0	5643.0	5350.0	11305.0	6562.0	11125.0	6742.0	9051.0
gRNA_2981	EGFR	17169.0	18509.0	16028.0	9340.0	17844.0	11178.0	20291.0	12168.0	14854.0
gRNA_3011	EGFR	13644.0	14168.0	8547.0	12003.0	23393.0	15400.0	30548.0	13923.0	14131.0
gRNA_3012	EGFR	13769.0	13415.0	5091.0	13951.0	18502.0	10219.0	15461.0	11343.0	11674.0
gRNA_3021	EGFR	16732.0	17727.0	18557.0	16849.0	24586.0	13951.0	33753.0	16410.0	20374.0
gRNA_3025	EIF1AX	14439.0	12768.0	15829.0	11980.0	19338.0	11099.0	30203.0	13612.0	20895.0
gRNA_3026	EIF1AX	29589.0	31600.0	34776.0	25230.0	35319.0	23365.0	50430.0	27158.0	24191.0
gRNA_3030	EIF1AX	22618.0	26292.0	22127.0	17116.0	25472.0	14541.0	43090.0	23208.0	26918.0
gRNA_3031	EIF1AX	11458.0	13639.0	10084.0	10339.0	19186.0	11011.0	26085.0	18889.0	16670.0
gRNA_3032	EIF1AX	8986.0	10836.0	8762.0	8100.0	11607.0	5984.0	16680.0	7754.0	11241.0
gRNA_3033	EIF1AX	8968.0	9665.0	9004.0	6713.0	10677.0	6189.0	19302.0	8736.0	9749.0
gRNA_3034	EIF1AX	11332.0	11157.0	11575.0	8684.0	15682.0	9072.0	21112.0	14536.0	11249.0
gRNA_3046	ELF3	7450.0	9655.0	8061.0	7296.0	10959.0	6931.0	18301.0	6326.0	7004.0
gRNA_3047	ELF3	1099.0	1749.0	801.0	1833.0	2469.0	1145.0	3345.0	1297.0	1580.0
gRNA_3048	ELF3	5466.0	6570.0	6238.0	6305.0	7585.0	4598.0	16140.0	4954.0	4975.0
gRNA_3056	EP300	10392.0	9393.0	10102.0	7781.0	12821.0	8034.0	19155.0	8872.0	10477.0
gRNA_3060	EP300	8441.0	9212.0	8971.0	9750.0	13393.0	7490.0	21581.0	10728.0	9079.0
gRNA_3061	EP300	9146.0	8601.0	7211.0	6790.0	10747.0	6682.0	13636.0	6848.0	7482.0
gRNA_3084	EP300	4892.0	4405.0	1454.0	5724.0	7614.0	4154.0	6193.0	4720.0	3571.0
gRNA_3085	EP300	8469.0	9677.0	2950.0	7228.0	9699.0	4973.0	11144.0	6988.0	9115.0
gRNA_3086	EP300	10679.0	10856.0	3446.0	7953.0	12017.0	7109.0	11581.0	9605.0	11080.0
gRNA_3089	EP300	24484.0	28192.0	29583.0	20301.0	33824.0	20289.0	38928.0	29887.0	27977.0
gRNA_3106	EP300	7034.0	6281.0	6207.0	4636.0	9221.0	5435.0	11666.0	6772.0	7499.0
gRNA_3107	EP300	11611.0	10174.0	3598.0	7939.0	12542.0	8173.0	15129.0	9255.0	10379.0
gRNA_3114	EP300	32452.0	33918.0	38462.0	22954.0	37094.0	21547.0	49364.0	24045.0	27776.0
gRNA_3115	EP300	14059.0	15160.0	11719.0	9009.0	17475.0	10151.0	25183.0	10716.0	12069.0
gRNA_3142	EPHA3	14875.0	14014.0	17904.0	12415.0	17107.0	11613.0	37438.0	16203.0	17557.0
gRNA_3143	EPHA3	10872.0	11884.0	8437.0	9845.0	18875.0	10516.0	18210.0	12301.0	16371.0
gRNA_3220	EPHA3	11088.0	10172.0	10326.0	8083.0	11628.0	6753.0	14423.0	9450.0	9848.0
gRNA_3221	EPHA3	13135.0	12071.0	13986.0	9874.0	13143.0	8150.0	20749.0	10216.0	10493.0
gRNA_3224	EPHA5	13589.0	16944.0	13019.0	10389.0	18188.0	9209.0	24683.0	14709.0	21971.0
gRNA_3225	EPHA5	5132.0	5108.0	3943.0	3861.0	6032.0	3541.0	6304.0	3286.0	4399.0
gRNA_3249	EPHA5	12704.0	14455.0	11483.0	10499.0	18466.0	11332.0	27941.0	12907.0	14446.0
gRNA_3250	EPHA5	13676.0	17007.0	11968.0	13763.0	26175.0	14485.0	28562.0	12847.0	17620.0
gRNA_3251	EPHA5	24025.0	24075.0	19858.0	20722.0	34099.0	25330.0	50625.0	24174.0	29255.0
gRNA_3283	EPHA5	15416.0	18594.0	14657.0	10913.0	19393.0	11721.0	20132.0	17145.0	20247.0
gRNA_3313	EPHA7	15162.0	15533.0	17129.0	10975.0	19531.0	12356.0	19445.0	12538.0	15167.0
gRNA_3314	EPHA7	10942.0	9897.0	13158.0	10599.0	16912.0	12035.0	19252.0	8514.0	14183.0
gRNA_3340	EPHA7	16726.0	21865.0	24135.0	15080.0	21993.0	14950.0	40529.0	18094.0	14844.0
gRNA_3341	EPHA7	23852.0	24167.0	29211.0	16512.0	29496.0	19940.0	34033.0	23926.0	26640.0
gRNA_3383	EPHA7	14844.0	14395.0	13977.0	9271.0	15424.0	11054.0	18079.0	11318.0	14615.0
gRNA_3415	EPHB1	22661.0	21542.0	23081.0	18699.0	29891.0	18193.0	47437.0	23086.0	23073.0
gRNA_3416	EPHB1	12861.0	12642.0	12159.0	9783.0	17071.0	9215.0	18046.0	11527.0	13432.0
gRNA_3469	ERBB2	14942.0	14533.0	13619.0	8753.0	20363.0	9651.0	17574.0	10822.0	12512.0
gRNA_3470	ERBB2	9466.0	10360.0	8023.0	7504.0	10566.0	6721.0	12340.0	7323.0	8182.0
gRNA_3471	ERBB2	16931.0	16373.0	11537.0	11581.0	21061.0	10376.0	27487.0	13450.0	17692.0
gRNA_3502	ERBB2	21309.0	24658.0	17692.0	21745.0	35847.0	18022.0	39242.0	23014.0	24026.0
gRNA_3503	ERBB2	7766.0	8012.0	5449.0	7804.0	10437.0	6435.0	11778.0	6466.0	8870.0
gRNA_3510	ERBB2	2805.0	3050.0	1783.0	2098.0	2682.0	2282.0	3026.0	2904.0	3126.0
gRNA_3511	ERBB2	9490.0	10241.0	7859.0	6287.0	10808.0	7769.0	13491.0	11071.0	12298.0
gRNA_3515	ERBB2	23094.0	26405.0	21909.0	13548.0	28387.0	12078.0	28656.0	16044.0	20889.0
gRNA_3516	ERBB3	12276.0	12827.0	10376.0	10483.0	15821.0	10168.0	22257.0	12353.0	15850.0
gRNA_3517	ERBB3	12053.0	13254.0	9934.0	10149.0	16410.0	10850.0	20963.0	12386.0	14775.0
gRNA_3518	ERBB3	22561.0	24302.0	11807.0	9621.0	16988.0	9120.0	20724.0	11754.0	10124.0
gRNA_3522	ERBB3	18066.0	18471.0	4077.0	8500.0	16732.0	8516.0	20483.0	11641.0	11599.0
gRNA_3523	ERBB3	11848.0	11437.0	4034.0	6887.0	12217.0	6481.0	11636.0	7731.0	9696.0
gRNA_3524	ERBB3	8043.0	8133.0	5214.0	7356.0	12519.0	7675.0	10361.0	7669.0	10097.0
gRNA_3525	ERBB3	8023.0	8342.0	5472.0	6713.0	11500.0	7252.0	11268.0	10212.0	12296.0
gRNA_3543	ERBB3	26304.0	26213.0	20465.0	18126.0	35839.0	20134.0	36946.0	25313.0	24379.0
gRNA_3544	ERBB3	24357.0	26959.0	21099.0	15631.0	28929.0	18905.0	28065.0	19276.0	21417.0
gRNA_3545	ERBB3	13736.0	15767.0	8347.0	9212.0	11350.0	7049.0	21546.0	10482.0	9850.0
gRNA_3569	ERBB3	13177.0	12974.0	13216.0	8567.0	15805.0	9653.0	19014.0	8856.0	11198.0
gRNA_3570	ERBB3	9729.0	9563.0	7573.0	9168.0	17571.0	9159.0	19793.0	8445.0	11075.0
gRNA_3571	ERBB3	9196.0	8325.0	6334.0	9052.0	13957.0	6799.0	20658.0	7219.0	9396.0
gRNA_3572	ERBB3	12251.0	13370.0	10795.0	12700.0	20958.0	10510.0	25725.0	12362.0	14634.0
gRNA_3577	ERBB3	12455.0	12599.0	8781.0	8584.0	15838.0	10490.0	22744.0	10109.0	15739.0
gRNA_3578	ERBB3	14794.0	16259.0	8611.0	18148.0	26151.0	14023.0	37914.0	19799.0	23354.0
gRNA_3579	ERBB3	2773.0	3475.0	1706.0	2908.0	3410.0	2322.0	6361.0	3991.0	4598.0
gRNA_3580	ERBB3	14924.0	16501.0	4571.0	9361.0	16221.0	6347.0	28664.0	15308.0	14607.0
gRNA_3626	ERBB4	15711.0	18460.0	19111.0	19908.0	24685.0	13477.0	37133.0	18622.0	19921.0
gRNA_3666	ERCC2	58.0	136.0	199.0	105.0	64.0	30.0	133.0	0.0	88.0
gRNA_3676	ERCC2	18826.0	19665.0	17589.0	15963.0	24516.0	13904.0	30906.0	19847.0	22255.0
gRNA_3677	ERCC2	21288.0	24265.0	19450.0	20250.0	33166.0	18499.0	44241.0	30221.0	22780.0
gRNA_3679	ERCC2	30296.0	28721.0	7655.0	12046.0	20959.0	11759.0	27142.0	13197.0	16018.0
gRNA_3680	ERCC2	27905.0	31697.0	26627.0	12608.0	26376.0	13186.0	27558.0	18917.0	23115.0
gRNA_3681	ERCC2	20540.0	23396.0	20335.0	16854.0	30153.0	20012.0	32799.0	16739.0	26461.0
gRNA_3682	ERCC2	13649.0	14802.0	8283.0	14247.0	23169.0	12760.0	24746.0	19206.0	23018.0
gRNA_3685	ERCC2	10545.0	8138.0	8695.0	7752.0	16336.0	7656.0	17110.0	9189.0	7216.0
gRNA_3686	ERCC2	6103.0	5960.0	4421.0	4555.0	10832.0	6447.0	8311.0	5232.0	6767.0
gRNA_3692	ERCC2	21024.0	24315.0	9258.0	11528.0	22980.0	10127.0	23548.0	17691.0	15041.0
gRNA_3693	ERCC2	38197.0	38855.0	30937.0	22691.0	44836.0	23029.0	49510.0	31661.0	34725.0
gRNA_3694	ERCC2	8809.0	11515.0	7200.0	10209.0	14463.0	7877.0	16929.0	11551.0	10847.0
gRNA_3698	ERCC2	20530.0	22712.0	16971.0	22897.0	37577.0	19135.0	51469.0	23290.0	28127.0
gRNA_3699	ERCC2	36003.0	33643.0	18822.0	15406.0	30821.0	18218.0	31001.0	17690.0	20827.0
gRNA_3703	ERCC2	3314.0	2966.0	2355.0	3342.0	5101.0	3428.0	4071.0	2994.0	3387.0
gRNA_3704	ERCC2	29770.0	30956.0	19146.0	18981.0	30522.0	15176.0	31207.0	15297.0	23787.0
gRNA_3705	ERCC2	9265.0	8225.0	6886.0	5355.0	9584.0	5920.0	9758.0	7104.0	7666.0
gRNA_3711	ERCC2	21886.0	23755.0	24063.0	15645.0	32899.0	16158.0	30121.0	19526.0	17514.0
gRNA_3712	ERCC2	31461.0	30106.0	21253.0	10641.0	21871.0	10533.0	18677.0	14574.0	15524.0
gRNA_3754	ERCC4	9002.0	11991.0	9661.0	10113.0	15462.0	9192.0	14527.0	12539.0	13758.0
gRNA_3755	ERCC4	11250.0	11998.0	12792.0	12978.0	19237.0	10537.0	25129.0	12442.0	14552.0
gRNA_3804	ERG	4665.0	4451.0	4192.0	3924.0	5297.0	3491.0	7773.0	4998.0	4642.0
gRNA_3805	ERG	6236.0	5928.0	5345.0	7160.0	10176.0	5506.0	11449.0	7607.0	8116.0
gRNA_3806	ERG	13419.0	13500.0	12336.0	15522.0	20781.0	10989.0	25367.0	18197.0	16814.0
gRNA_3838	ESR1	12350.0	13785.0	4982.0	5420.0	7229.0	3483.0	8775.0	3967.0	5854.0
gRNA_3842	ESR1	25807.0	28404.0	17942.0	16053.0	30611.0	17842.0	44688.0	22034.0	26192.0
gRNA_3843	ESR1	35394.0	32549.0	19126.0	13233.0	29680.0	16834.0	28926.0	15736.0	15090.0
gRNA_3861	ESR1	36295.0	31935.0	18012.0	9971.0	18601.0	10083.0	27677.0	13405.0	14011.0
gRNA_3868	ESR1	28566.0	27745.0	24005.0	21614.0	40624.0	20189.0	47627.0	28391.0	28123.0
gRNA_3905	ETV6	6363.0	5509.0	2726.0	3715.0	6252.0	3602.0	4603.0	3498.0	4751.0
gRNA_3906	ETV6	1881.0	1362.0	1440.0	1331.0	1404.0	1209.0	1448.0	782.0	1462.0
gRNA_3907	ETV6	2712.0	2501.0	1950.0	1577.0	3149.0	2243.0	1941.0	1488.0	2260.0
gRNA_3908	ETV6	11344.0	13081.0	8059.0	7825.0	12885.0	8080.0	17775.0	12470.0	14446.0
gRNA_3909	ETV6	23227.0	26861.0	8696.0	16950.0	29171.0	15903.0	33743.0	21366.0	27793.0
gRNA_3923	ETV6	28596.0	29789.0	33114.0	18659.0	29374.0	18029.0	47645.0	25300.0	21749.0
gRNA_3924	ETV6	29464.0	33759.0	25962.0	16991.0	34893.0	19587.0	44864.0	19529.0	26862.0
gRNA_3925	ETV6	12828.0	13591.0	14793.0	15704.0	24073.0	13231.0	23119.0	12084.0	13762.0
gRNA_3926	ETV6	16822.0	18351.0	19784.0	19729.0	26467.0	16390.0	30194.0	20971.0	18212.0
gRNA_3964	EZH2	20886.0	23300.0	19262.0	15008.0	23109.0	13032.0	34406.0	20017.0	20372.0
gRNA_3975	EZH2	15340.0	17074.0	16328.0	12571.0	19418.0	11851.0	20020.0	13489.0	13348.0
gRNA_3976	EZH2	255.0	342.0	218.0	832.0	591.0	228.0	1228.0	179.0	437.0
gRNA_3985	EZH2	8912.0	9328.0	9281.0	8618.0	12302.0	7352.0	11982.0	8157.0	9669.0
gRNA_3995	FAS	55441.0	59205.0	50271.0	26359.0	45773.0	25592.0	75190.0	38393.0	40888.0
gRNA_3996	FAS	17265.0	17781.0	18099.0	12623.0	21889.0	11397.0	31254.0	13519.0	16129.0
gRNA_4012	FAT1	13142.0	15655.0	15608.0	9841.0	14923.0	9611.0	26642.0	14833.0	16422.0
gRNA_4021	FAT1	45.0	28.0	66.0	0.0	1.0	0.0	0.0	0.0	0.0
gRNA_4032	FAT1	13973.0	17240.0	13370.0	11310.0	18372.0	9309.0	17998.0	14370.0	13623.0
gRNA_4033	FAT1	39751.0	42837.0	11527.0	17084.0	29590.0	14736.0	40262.0	24052.0	23149.0
gRNA_4104	FBXW7	20090.0	19118.0	21668.0	19152.0	29055.0	16599.0	42116.0	25751.0	22874.0
gRNA_4105	FBXW7	12615.0	12740.0	12720.0	14031.0	24028.0	16460.0	25335.0	13870.0	17781.0
gRNA_4106	FBXW7	11570.0	10164.0	12085.0	10851.0	13928.0	9013.0	22224.0	11013.0	12523.0
gRNA_4111	FBXW7	18679.0	20429.0	20127.0	13900.0	19011.0	10284.0	37813.0	18003.0	22934.0
gRNA_4116	FBXW7	15379.0	17751.0	14720.0	10109.0	15544.0	9056.0	29896.0	16455.0	18978.0
gRNA_4117	FBXW7	20859.0	23281.0	18587.0	12304.0	22977.0	13307.0	41946.0	13382.0	17846.0
gRNA_4118	FBXW7	16584.0	16655.0	17470.0	12597.0	23299.0	13488.0	32088.0	20715.0	19962.0
gRNA_4119	FBXW7	16078.0	14296.0	16869.0	16544.0	24845.0	16769.0	23555.0	17915.0	19102.0
gRNA_4141	FBXW7	12738.0	13342.0	13578.0	12980.0	24797.0	17947.0	22413.0	12075.0	14588.0
gRNA_4142	FBXW7	8416.0	10076.0	6789.0	11488.0	19149.0	11968.0	24426.0	12396.0	13991.0
gRNA_4143	FBXW7	8288.0	9143.0	6760.0	7209.0	12938.0	7414.0	15481.0	8659.0	9588.0
gRNA_4144	FBXW7	4057.0	4164.0	3694.0	4200.0	8435.0	5269.0	9784.0	4749.0	5072.0
gRNA_4191	FGF4	21692.0	24994.0	21093.0	11411.0	28936.0	16345.0	28828.0	17900.0	20632.0
gRNA_4192	FGF4	11512.0	13498.0	7291.0	9123.0	14943.0	8927.0	11462.0	6897.0	12352.0
gRNA_4193	FGF4	11756.0	12953.0	8960.0	10884.0	18679.0	10857.0	24382.0	9906.0	14390.0
gRNA_4194	FGF4	19395.0	23275.0	15152.0	14684.0	22359.0	9872.0	28677.0	17556.0	19215.0
gRNA_4195	FGF4	39145.0	41393.0	30336.0	24145.0	46562.0	23649.0	64876.0	34343.0	29096.0
gRNA_4213	FGFR1	8147.0	8901.0	10381.0	8392.0	12885.0	9385.0	18830.0	8461.0	10638.0
gRNA_4225	FGFR1	18801.0	23559.0	18523.0	15300.0	26748.0	14084.0	29716.0	14953.0	18278.0
gRNA_4226	FGFR1	14886.0	17179.0	16220.0	13342.0	20505.0	11450.0	31405.0	12416.0	13237.0
gRNA_4246	FGFR2	5457.0	6354.0	5984.0	4652.0	10644.0	5009.0	9928.0	6515.0	8105.0
gRNA_4247	FGFR2	38728.0	41507.0	47555.0	28545.0	53026.0	25772.0	81533.0	39582.0	40226.0
gRNA_4248	FGFR2	13997.0	14561.0	13989.0	11929.0	18325.0	10616.0	27724.0	14188.0	16162.0
gRNA_4261	FGFR2	19354.0	18133.0	21980.0	19621.0	30866.0	19518.0	42923.0	20936.0	21581.0
gRNA_4262	FGFR2	5505.0	5846.0	5276.0	5330.0	7800.0	4153.0	8248.0	6620.0	6683.0
gRNA_4263	FGFR2	9719.0	8579.0	8842.0	9809.0	13895.0	7033.0	18728.0	9750.0	13594.0
gRNA_4302	FGFR3	2751.0	2008.0	1476.0	1843.0	2553.0	1717.0	2928.0	2803.0	2412.0
gRNA_4303	FGFR3	17577.0	22340.0	19449.0	14006.0	25157.0	13351.0	23757.0	16812.0	16146.0
gRNA_4304	FGFR3	17498.0	18123.0	22770.0	13653.0	23661.0	16009.0	27259.0	13417.0	14409.0
gRNA_4329	FGFR3	14961.0	18180.0	12997.0	10782.0	24031.0	16338.0	19642.0	15085.0	17685.0
gRNA_4330	FGFR3	17364.0	20780.0	13728.0	11773.0	25709.0	13658.0	31930.0	18208.0	18651.0
gRNA_4331	FGFR3	11029.0	12321.0	7529.0	10775.0	18418.0	10239.0	16752.0	14280.0	14090.0
gRNA_4357	FGFR4	9784.0	11181.0	8969.0	8632.0	17243.0	9748.0	15840.0	10624.0	12820.0
gRNA_4419	FLT1	15039.0	16063.0	17946.0	11767.0	18516.0	10252.0	26419.0	12612.0	15542.0
gRNA_4421	FLT1	11937.0	12664.0	4258.0	5617.0	9214.0	5769.0	10035.0	4494.0	7810.0
gRNA_4422	FLT1	10039.0	11367.0	6934.0	8480.0	17236.0	9108.0	19196.0	9551.0	12143.0
gRNA_4440	FLT3	34551.0	33133.0	9899.0	13147.0	23539.0	12308.0	29504.0	20046.0	17579.0
gRNA_4447	FLT3	14550.0	14341.0	9372.0	13763.0	19224.0	11364.0	23732.0	16355.0	13566.0
gRNA_4459	FLT3	22051.0	23007.0	15636.0	14783.0	18154.0	11671.0	24854.0	14502.0	16977.0
gRNA_4460	FLT3	8138.0	8298.0	9055.0	9709.0	13176.0	8286.0	18356.0	9825.0	9935.0
gRNA_4461	FLT3	6840.0	6599.0	2969.0	4839.0	6738.0	3902.0	7372.0	6179.0	6691.0
gRNA_4547	FOXA1	23696.0	22621.0	21645.0	14289.0	25085.0	13723.0	31957.0	18141.0	15944.0
gRNA_4548	FOXA1	22356.0	24809.0	23878.0	15650.0	29833.0	17242.0	31891.0	19197.0	19803.0
gRNA_4549	FOXA1	16982.0	20690.0	14466.0	15610.0	25562.0	14315.0	35082.0	24564.0	25580.0
gRNA_4550	FOXA1	13004.0	13686.0	7210.0	9806.0	19019.0	10519.0	20411.0	12433.0	15901.0
gRNA_4562	FOXA1	16977.0	16705.0	15908.0	10208.0	21439.0	12288.0	21109.0	16727.0	17233.0
gRNA_4567	FOXA1	11022.0	13179.0	7093.0	11286.0	13695.0	8055.0	28519.0	20808.0	14126.0
gRNA_4577	FOXA1	4657.0	6560.0	2645.0	5520.0	8586.0	3384.0	8922.0	4786.0	6463.0
gRNA_4578	FOXA1	2316.0	2081.0	1555.0	2714.0	3594.0	1881.0	4392.0	2746.0	3016.0
gRNA_4586	FOXA1	30252.0	31482.0	24581.0	17039.0	33825.0	18255.0	40425.0	26151.0	24903.0
gRNA_4587	FOXA1	11177.0	13086.0	7221.0	6042.0	13292.0	7756.0	11693.0	9297.0	9989.0
gRNA_4589	FOXA1	17945.0	19615.0	16037.0	12473.0	23310.0	13872.0	20332.0	12453.0	16074.0
gRNA_4590	FOXA1	32006.0	35585.0	31871.0	18998.0	40858.0	20450.0	38919.0	28147.0	24756.0
gRNA_4591	FOXA1	27213.0	29533.0	25220.0	17124.0	24954.0	15392.0	36016.0	22402.0	24930.0
gRNA_4621	FOXO1	3966.0	4200.0	2512.0	3463.0	6509.0	3427.0	4664.0	5229.0	5155.0
gRNA_4622	FOXO1	18301.0	16148.0	2721.0	6534.0	9041.0	5055.0	22186.0	8083.0	8101.0
gRNA_4627	FOXO1	10186.0	9992.0	3673.0	4903.0	8170.0	4332.0	7694.0	5927.0	7080.0
gRNA_4628	FOXO1	2901.0	3429.0	2052.0	3981.0	4502.0	2838.0	4821.0	4322.0	5160.0
gRNA_4665	FOXP1	3940.0	3910.0	3428.0	4265.0	6433.0	3827.0	5575.0	4882.0	5425.0
gRNA_4704	FYN	10564.0	9753.0	6453.0	7034.0	9740.0	6535.0	12986.0	9769.0	10328.0
gRNA_4734	GATA2	11565.0	11570.0	11491.0	9567.0	16010.0	7784.0	25160.0	13844.0	15184.0
gRNA_4735	GATA2	21958.0	31405.0	9300.0	15542.0	26720.0	12008.0	36478.0	18426.0	17877.0
gRNA_4770	GATA3	16661.0	16843.0	5423.0	8093.0	16417.0	9204.0	21325.0	16218.0	11868.0
gRNA_4782	GATA3	7460.0	7114.0	1423.0	3687.0	6239.0	3239.0	7671.0	3527.0	5168.0
gRNA_4783	GATA3	13408.0	14999.0	8118.0	9133.0	18686.0	9900.0	21156.0	11195.0	11357.0
gRNA_4826	GLI1	6064.0	7386.0	4853.0	3959.0	8062.0	4043.0	12762.0	4818.0	5329.0
gRNA_4827	GLI1	2565.0	3211.0	2148.0	3881.0	5171.0	2473.0	5184.0	2081.0	3490.0
gRNA_4828	GLI1	22519.0	21781.0	4090.0	5364.0	10825.0	5719.0	8750.0	7828.0	10299.0
gRNA_4829	GLI1	60529.0	34001.0	5309.0	7469.0	11511.0	5671.0	14883.0	8728.0	8339.0
gRNA_4858	GNA13	11004.0	11654.0	9680.0	10769.0	16732.0	9066.0	21226.0	12750.0	13976.0
gRNA_4884	GNAS	15777.0	16289.0	14875.0	12578.0	21731.0	12028.0	29229.0	18653.0	23263.0
gRNA_4885	GNAS	7302.0	6216.0	6856.0	5219.0	9556.0	4788.0	10088.0	5239.0	6097.0
gRNA_4888	GNAS	1202.0	1283.0	742.0	406.0	839.0	501.0	769.0	619.0	1053.0
gRNA_4889	GNAS	11367.0	12105.0	10471.0	12228.0	17506.0	9873.0	26168.0	12706.0	12329.0
gRNA_4893	GNB1	12670.0	13807.0	10970.0	10822.0	18971.0	10070.0	21673.0	12073.0	15850.0
gRNA_4894	GNB1	15941.0	19059.0	16900.0	15081.0	27474.0	12440.0	24788.0	14163.0	13738.0
gRNA_4961	GRIN2A	7108.0	7256.0	7137.0	9625.0	15151.0	7088.0	11152.0	6066.0	9906.0
gRNA_4969	GRIN2A	19312.0	20933.0	22809.0	17573.0	28634.0	16996.0	37735.0	20697.0	22836.0
gRNA_5176	HRAS	17212.0	18180.0	9809.0	7513.0	12632.0	7152.0	20520.0	9855.0	8058.0
gRNA_5194	IDH2	36531.0	35066.0	7841.0	7905.0	14237.0	7919.0	11358.0	9156.0	11618.0
gRNA_5227	IGF1R	12485.0	14023.0	13645.0	11173.0	18307.0	10142.0	18305.0	13769.0	12676.0
gRNA_5228	IGF1R	5719.0	6344.0	5630.0	7770.0	11604.0	7857.0	12720.0	6535.0	8804.0
gRNA_5229	IGF1R	22642.0	25230.0	21115.0	18661.0	33710.0	18102.0	37297.0	23741.0	21315.0
gRNA_5236	IGF1R	7684.0	6434.0	4541.0	6343.0	12915.0	7422.0	10680.0	6198.0	9848.0
gRNA_5237	IGF1R	9824.0	9157.0	6723.0	7533.0	11883.0	8024.0	16776.0	9329.0	7751.0
gRNA_5319	IKZF1	20727.0	23186.0	19968.0	24549.0	32461.0	18801.0	50950.0	23349.0	15849.0
gRNA_5372	INHA	23681.0	20546.0	3568.0	4466.0	8105.0	3683.0	5927.0	2989.0	5155.0
gRNA_5373	INHA	49601.0	42063.0	11847.0	24967.0	40027.0	19205.0	46735.0	24176.0	26462.0
gRNA_5374	INHA	11605.0	10953.0	1992.0	2647.0	5685.0	3387.0	4289.0	4178.0	4627.0
gRNA_5454	INPP4A	26914.0	26847.0	29896.0	17127.0	33632.0	19989.0	37953.0	19781.0	18727.0
gRNA_5455	INPP4A	32836.0	36130.0	40143.0	25225.0	47438.0	22898.0	54655.0	27565.0	25956.0
gRNA_5456	INPP4A	22781.0	23536.0	25263.0	18483.0	26037.0	15665.0	43750.0	21591.0	18537.0
gRNA_5477	INPP4A	36630.0	38631.0	37355.0	22874.0	42463.0	26908.0	55893.0	33468.0	39272.0
gRNA_5501	INPPL1	17665.0	15497.0	4777.0	9271.0	17797.0	10962.0	10217.0	8744.0	8155.0
gRNA_5509	INPPL1	16340.0	20027.0	11773.0	10879.0	21916.0	10996.0	22046.0	13421.0	13413.0
gRNA_5561	INSR	8721.0	8205.0	9678.0	9807.0	15394.0	9040.0	18748.0	14610.0	14154.0
gRNA_5614	IRF4	13908.0	14979.0	15820.0	12432.0	21172.0	12903.0	19941.0	16493.0	16521.0
gRNA_5615	IRF4	5854.0	5409.0	4047.0	4154.0	8428.0	4636.0	8198.0	4650.0	6127.0
gRNA_5618	IRF8	15766.0	16432.0	3843.0	10341.0	15515.0	9624.0	9925.0	7062.0	6542.0
gRNA_5620	IRF8	7018.0	7242.0	6931.0	6551.0	9157.0	5396.0	12404.0	5843.0	7193.0
gRNA_5621	IRF8	16930.0	16236.0	6191.0	9099.0	16884.0	9067.0	19573.0	11694.0	10079.0
gRNA_5623	IRS1	11381.0	13894.0	7255.0	11252.0	20656.0	11494.0	20680.0	15060.0	19620.0
gRNA_5624	IRS1	27411.0	25851.0	5144.0	7594.0	9647.0	7023.0	16016.0	7910.0	7665.0
gRNA_5625	IRS1	19766.0	19656.0	5858.0	12271.0	16470.0	11191.0	22000.0	12931.0	12323.0
gRNA_5626	IRS1	19469.0	20651.0	19231.0	13783.0	27608.0	14934.0	39479.0	17484.0	20361.0
gRNA_5627	IRS1	31966.0	38691.0	34397.0	21230.0	39249.0	21673.0	57323.0	22657.0	27111.0
gRNA_5628	IRS1	10918.0	11188.0	10241.0	7540.0	11118.0	6748.0	14380.0	7391.0	10891.0
gRNA_5740	JAK1	19054.0	18438.0	12221.0	9248.0	13539.0	9069.0	19679.0	11127.0	10366.0
gRNA_5741	JAK1	18657.0	18205.0	10647.0	14331.0	20262.0	11189.0	18160.0	11859.0	14623.0
gRNA_5742	JAK1	15358.0	15554.0	14474.0	14294.0	24918.0	15789.0	25698.0	14178.0	15681.0
gRNA_5769	JAK2	5065.0	6229.0	4055.0	4484.0	6911.0	4080.0	9734.0	6833.0	6279.0
gRNA_5772	JAK2	27464.0	30173.0	24783.0	19218.0	30606.0	17561.0	42877.0	17332.0	26386.0
gRNA_5773	JAK2	15478.0	16209.0	15529.0	11504.0	21665.0	10551.0	22232.0	13032.0	15558.0
gRNA_5776	JAK2	7390.0	7802.0	7892.0	7612.0	11199.0	6764.0	16354.0	7411.0	7339.0
gRNA_5777	JAK2	12830.0	11336.0	12283.0	10903.0	17836.0	11028.0	25962.0	13066.0	15101.0
gRNA_5792	JAK3	7649.0	8247.0	6012.0	6329.0	10943.0	6882.0	14130.0	9603.0	9345.0
gRNA_5854	KDM5C	3426.0	3511.0	2392.0	2978.0	6461.0	4160.0	7185.0	3963.0	4810.0
gRNA_5860	KDM5C	14388.0	16544.0	16046.0	12255.0	19246.0	11782.0	27985.0	17007.0	16650.0
gRNA_5861	KDM5C	11910.0	11836.0	13284.0	11098.0	15362.0	10128.0	23046.0	12265.0	11727.0
gRNA_5864	KDM5C	14601.0	15273.0	16651.0	11897.0	23976.0	10767.0	24444.0	11866.0	14698.0
gRNA_5865	KDM5C	6659.0	6141.0	6870.0	7866.0	9326.0	6153.0	14363.0	6828.0	8749.0
gRNA_5912	KDM6A	6527.0	5369.0	6361.0	6492.0	7690.0	4676.0	11303.0	5123.0	6036.0
gRNA_6000	KDR	20402.0	19285.0	8325.0	8417.0	18293.0	11468.0	20923.0	12357.0	13476.0
gRNA_6063	KEAP1	12692.0	12374.0	11797.0	8881.0	20621.0	9883.0	20693.0	11497.0	15576.0
gRNA_6064	KEAP1	29131.0	27468.0	16314.0	9878.0	21515.0	10997.0	26351.0	14548.0	15653.0
gRNA_6080	KEAP1	19088.0	19207.0	6433.0	9703.0	18396.0	11927.0	29735.0	13846.0	17409.0
gRNA_6081	KEAP1	5784.0	6107.0	3456.0	5609.0	9857.0	6235.0	14855.0	9530.0	8931.0
gRNA_6086	KEAP1	17709.0	17712.0	4683.0	5624.0	10825.0	6299.0	9831.0	7645.0	10502.0
gRNA_6087	KEAP1	16334.0	13894.0	5360.0	11016.0	17978.0	10272.0	18863.0	9665.0	12056.0
gRNA_6103	KIT	15393.0	13464.0	9460.0	6898.0	10025.0	7312.0	11071.0	7391.0	8236.0
gRNA_6104	KIT	9175.0	8845.0	8592.0	8280.0	12392.0	10064.0	15902.0	9038.0	10926.0
gRNA_6105	KIT	29089.0	25507.0	16872.0	10885.0	20504.0	13721.0	25837.0	12075.0	14838.0
gRNA_6109	KIT	19675.0	18686.0	8480.0	7002.0	14171.0	8280.0	14958.0	8515.0	8922.0
gRNA_6110	KIT	9524.0	10830.0	9490.0	8677.0	14577.0	7604.0	23368.0	10900.0	12311.0
gRNA_6111	KIT	7013.0	8697.0	5117.0	5459.0	10672.0	7278.0	10022.0	7565.0	8734.0
gRNA_6112	KIT	6884.0	6029.0	5265.0	4274.0	7411.0	5214.0	7694.0	4350.0	5824.0
gRNA_6113	KIT	23233.0	23777.0	9493.0	6667.0	13825.0	7231.0	16765.0	9609.0	11464.0
gRNA_6117	KIT	12302.0	12419.0	12103.0	12922.0	17437.0	11307.0	24090.0	13863.0	12868.0
gRNA_6125	KIT	7110.0	6922.0	2458.0	4788.0	6112.0	3492.0	10819.0	4329.0	4267.0
gRNA_6134	KLF4	12900.0	13179.0	14809.0	8567.0	19525.0	13228.0	21035.0	12492.0	12216.0
gRNA_6135	KLF4	7797.0	7385.0	8297.0	6277.0	12045.0	7867.0	12494.0	10443.0	14276.0
gRNA_6257	KMT2B	19498.0	22325.0	19948.0	17080.0	28967.0	17181.0	33740.0	22763.0	20775.0
gRNA_6265	KMT2B	1492.0	1969.0	1368.0	1533.0	1776.0	1139.0	3278.0	1349.0	2190.0
gRNA_6266	KMT2B	14166.0	16859.0	11936.0	14096.0	25419.0	15460.0	23461.0	18880.0	17370.0
gRNA_6383	KMT2C	11150.0	12179.0	12920.0	9238.0	17467.0	10622.0	17370.0	8096.0	11140.0
gRNA_6384	KMT2C	19354.0	23206.0	22388.0	14576.0	24505.0	12272.0	28685.0	18069.0	17264.0
gRNA_6472	KMT2D	11103.0	10717.0	1815.0	3023.0	4572.0	2055.0	8725.0	3396.0	3235.0
gRNA_6473	KMT2D	1806.0	1495.0	1493.0	599.0	1931.0	1005.0	994.0	2070.0	1457.0
gRNA_6479	KMT2D	11933.0	13328.0	12466.0	13842.0	22255.0	11869.0	27347.0	18339.0	18850.0
gRNA_6480	KMT2D	1712.0	1690.0	1013.0	1476.0	2890.0	1661.0	3550.0	1958.0	1506.0
gRNA_6487	KMT2D	14829.0	12813.0	3278.0	3687.0	5325.0	3114.0	7507.0	4343.0	4759.0
gRNA_6488	KMT2D	1937.0	1538.0	1183.0	1415.0	1965.0	1403.0	2447.0	1354.0	1391.0
gRNA_6525	KMT2D	7680.0	6413.0	6128.0	5515.0	9793.0	6037.0	11345.0	7546.0	9323.0
gRNA_6526	KMT2D	25682.0	29392.0	25594.0	18162.0	30336.0	17560.0	51874.0	25803.0	27965.0
gRNA_6527	KMT2D	40284.0	40873.0	26414.0	16580.0	28224.0	17138.0	40892.0	24111.0	28284.0
gRNA_6604	KMT2D	4766.0	4988.0	2352.0	4841.0	9063.0	4647.0	7244.0	5784.0	8858.0
gRNA_6629	KMT2D	8160.0	8343.0	2606.0	5202.0	8226.0	4683.0	6411.0	5500.0	6116.0
gRNA_6712	KRAS	17890.0	16510.0	6353.0	7727.0	14602.0	8945.0	15498.0	9727.0	11412.0
gRNA_6717	KRAS	7815.0	8541.0	8202.0	7699.0	11181.0	7293.0	10084.0	9929.0	8795.0
gRNA_6743	LATS1	11243.0	14340.0	8656.0	15334.0	27586.0	14338.0	34296.0	19038.0	22683.0
gRNA_6744	LATS1	6618.0	7031.0	4278.0	7115.0	11383.0	6935.0	14363.0	6243.0	8960.0
gRNA_6745	LATS1	23565.0	24226.0	8085.0	11579.0	21923.0	11327.0	24159.0	16447.0	16854.0
gRNA_6759	LATS1	13071.0	12324.0	12619.0	7298.0	19843.0	10331.0	16561.0	7197.0	13602.0
gRNA_6781	LCK	4914.0	6128.0	3528.0	5107.0	11135.0	6173.0	11856.0	7955.0	7448.0
gRNA_6782	LCK	2283.0	2124.0	1437.0	2473.0	3872.0	2210.0	3577.0	1832.0	3314.0
gRNA_6797	LYN	18438.0	17271.0	3203.0	5649.0	8992.0	5240.0	13127.0	7257.0	6980.0
gRNA_6829	MAP2K1	41560.0	40041.0	18688.0	14714.0	29448.0	16347.0	31153.0	22579.0	24460.0
gRNA_6830	MAP2K1	18012.0	18566.0	12438.0	13871.0	25364.0	13862.0	31501.0	19660.0	20361.0
gRNA_6831	MAP2K1	23340.0	23548.0	7166.0	7857.0	15690.0	8848.0	19664.0	14693.0	12298.0
gRNA_6832	MAP2K1	16597.0	15426.0	7840.0	8709.0	14115.0	7114.0	17543.0	11568.0	11835.0
gRNA_6833	MAP2K1	7371.0	7974.0	5455.0	10180.0	16722.0	9739.0	22410.0	14794.0	13892.0
gRNA_6834	MAP2K1	9581.0	8830.0	2468.0	3440.0	5950.0	3228.0	5410.0	4032.0	3987.0
gRNA_6835	MAP2K1	15686.0	14595.0	5021.0	7404.0	10078.0	6394.0	19893.0	7009.0	8020.0
gRNA_6837	MAP2K1	2091.0	1687.0	2185.0	1023.0	3247.0	1333.0	1300.0	1222.0	967.0
gRNA_6841	MAP2K1	3475.0	3938.0	2203.0	4466.0	6399.0	3454.0	9003.0	4432.0	5947.0
gRNA_6842	MAP2K1	16114.0	16517.0	5033.0	8940.0	15420.0	7881.0	19626.0	13079.0	12642.0
gRNA_6848	MAP2K2	14814.0	18515.0	14228.0	10347.0	17217.0	9279.0	29447.0	17080.0	12975.0
gRNA_6849	MAP2K2	21874.0	25153.0	23844.0	13917.0	25494.0	14132.0	29014.0	16119.0	18372.0
gRNA_6888	MAP2K4	5212.0	4342.0	5042.0	6183.0	8839.0	5022.0	10529.0	6913.0	6200.0
gRNA_6889	MAP2K4	4698.0	4169.0	4748.0	3711.0	6948.0	4841.0	5654.0	4645.0	5778.0
gRNA_6890	MAP2K4	4425.0	4240.0	4270.0	3743.0	5533.0	3930.0	7014.0	5976.0	7117.0
gRNA_6894	MAP2K4	7025.0	6585.0	7483.0	6687.0	10718.0	6398.0	14120.0	8762.0	7002.0
gRNA_6895	MAP2K4	8636.0	7845.0	6829.0	12091.0	14739.0	9593.0	20339.0	12160.0	11815.0
gRNA_6912	MAP3K1	17770.0	16641.0	20674.0	11597.0	21230.0	15680.0	35314.0	13761.0	18010.0
gRNA_6913	MAP3K1	25737.0	27183.0	30420.0	16424.0	36481.0	20367.0	47566.0	33428.0	32527.0
gRNA_6914	MAP3K1	21659.0	24255.0	21773.0	12542.0	23013.0	12842.0	39141.0	22655.0	20273.0
gRNA_6915	MAP3K1	22101.0	18649.0	21798.0	15560.0	27058.0	18041.0	42063.0	26389.0	22482.0
gRNA_6992	MAX	19548.0	18672.0	20217.0	9874.0	16978.0	8785.0	18115.0	7042.0	9269.0
gRNA_7029	MED12	9841.0	10727.0	9628.0	9112.0	16341.0	8720.0	13831.0	10008.0	14003.0
gRNA_7143	MET	4489.0	5365.0	5187.0	3832.0	6099.0	3220.0	6267.0	5013.0	5201.0
gRNA_7144	MET	10493.0	10678.0	11588.0	9688.0	13891.0	8580.0	18003.0	11193.0	12491.0
gRNA_7148	MET	17393.0	20703.0	19407.0	10301.0	18952.0	11177.0	28192.0	17831.0	18329.0
gRNA_7150	MET	14231.0	16591.0	12949.0	11990.0	19270.0	9703.0	23524.0	9970.0	12307.0
gRNA_7152	MET	13579.0	11130.0	12395.0	12898.0	15486.0	9474.0	25627.0	10716.0	11317.0
gRNA_7170	MGA	19873.0	18044.0	11196.0	7576.0	13736.0	7699.0	15145.0	8713.0	10975.0
gRNA_7171	MGA	16877.0	14741.0	12361.0	8069.0	15115.0	8752.0	14496.0	10855.0	11615.0
gRNA_7188	MGA	8459.0	8098.0	9667.0	7126.0	13570.0	8148.0	14272.0	10901.0	11385.0
gRNA_7203	MGA	24571.0	25766.0	12417.0	12072.0	16631.0	10123.0	23928.0	11101.0	12883.0
gRNA_7204	MGA	17204.0	16769.0	9524.0	12968.0	17934.0	11631.0	23471.0	11032.0	16391.0
gRNA_7205	MGA	21161.0	22071.0	16392.0	19172.0	30496.0	16497.0	38213.0	23192.0	23159.0
gRNA_7214	MITF	11377.0	11980.0	13772.0	10450.0	15469.0	9808.0	21440.0	11970.0	14064.0
gRNA_7264	MLH1	15122.0	15719.0	16305.0	17353.0	23715.0	15273.0	31399.0	17429.0	21144.0
gRNA_7308	MSH3	10634.0	11502.0	10775.0	7400.0	14110.0	8706.0	13307.0	10001.0	12204.0
gRNA_7309	MSH3	10217.0	11014.0	11201.0	8084.0	11787.0	7757.0	13858.0	11457.0	11908.0
gRNA_7310	MSH3	11390.0	11065.0	14938.0	10277.0	16132.0	10260.0	21311.0	8519.0	9168.0
gRNA_7384	MTOR	17996.0	16378.0	6031.0	6202.0	12539.0	8100.0	22193.0	12608.0	12914.0
gRNA_7392	MTOR	17736.0	20250.0	14041.0	7110.0	20988.0	11140.0	23852.0	13278.0	19331.0
gRNA_7393	MTOR	29119.0	29547.0	12481.0	15413.0	19126.0	13175.0	51992.0	24663.0	19828.0
gRNA_7428	MTOR	10337.0	10568.0	9791.0	7849.0	10647.0	7192.0	14129.0	8633.0	9267.0
gRNA_7429	MTOR	17100.0	17076.0	5357.0	5526.0	8527.0	4658.0	24156.0	14679.0	20275.0
gRNA_7430	MTOR	10562.0	8911.0	2796.0	3854.0	5058.0	3132.0	11248.0	4360.0	6911.0
gRNA_7467	MTOR	17830.0	17007.0	10734.0	10676.0	17116.0	11268.0	18013.0	7720.0	10437.0
gRNA_7468	MTOR	14525.0	17376.0	16536.0	11535.0	19307.0	12180.0	28938.0	15001.0	13114.0
gRNA_7473	MTOR	9364.0	11455.0	8868.0	10049.0	17433.0	9016.0	17959.0	10628.0	11052.0
gRNA_7478	MTOR	10676.0	12330.0	9301.0	8974.0	16324.0	9810.0	21545.0	9395.0	12279.0
gRNA_7479	MTOR	13674.0	14639.0	13203.0	10908.0	21465.0	12956.0	25722.0	13446.0	15535.0
gRNA_7481	MYC	5347.0	5172.0	3092.0	4202.0	7684.0	4164.0	11680.0	7031.0	8504.0
gRNA_7482	MYC	33026.0	30007.0	8770.0	12441.0	21263.0	12452.0	26217.0	17702.0	16687.0
gRNA_7509	MYD88	15575.0	15563.0	16106.0	13201.0	20096.0	13181.0	24002.0	14091.0	15592.0
gRNA_7510	MYD88	9146.0	10624.0	7257.0	10037.0	15223.0	8345.0	16848.0	9958.0	10303.0
gRNA_7511	MYD88	15007.0	15353.0	5315.0	8784.0	17185.0	8965.0	13093.0	12589.0	11688.0
gRNA_7512	MYD88	36345.0	32648.0	6819.0	9025.0	13491.0	7539.0	20550.0	12457.0	15866.0
gRNA_7513	MYD88	27083.0	25032.0	5134.0	7244.0	12867.0	6881.0	14075.0	13126.0	15030.0
gRNA_7514	MYD88	11151.0	12163.0	6056.0	9884.0	17071.0	9306.0	23910.0	18159.0	15740.0
gRNA_7557	NCOA3	97900.0	58290.0	9673.0	12473.0	20638.0	10856.0	38366.0	19403.0	20719.0
gRNA_7558	NCOA3	17207.0	17509.0	3706.0	8269.0	11551.0	6473.0	11708.0	9638.0	11006.0
gRNA_7602	NCOR1	7941.0	9661.0	9670.0	8626.0	12940.0	7990.0	21697.0	11679.0	11523.0
gRNA_7627	NEGR1	15722.0	15760.0	12432.0	13873.0	21875.0	13230.0	33560.0	17785.0	17528.0
gRNA_7664	NF1	12172.0	13685.0	4147.0	5268.0	9031.0	4715.0	8876.0	5419.0	5772.0
gRNA_7667	NF1	13714.0	13736.0	14942.0	13295.0	18710.0	12262.0	31430.0	16273.0	17064.0
gRNA_7683	NF1	12428.0	13574.0	10182.0	10083.0	17719.0	9716.0	18644.0	12176.0	15883.0
gRNA_7684	NF1	17544.0	19595.0	20684.0	10882.0	24482.0	12673.0	28452.0	14452.0	17742.0
gRNA_7765	NF1	8365.0	8204.0	7393.0	8064.0	11473.0	6479.0	20218.0	12966.0	10711.0
gRNA_7787	NF2	18391.0	20974.0	20649.0	14980.0	22223.0	12239.0	38732.0	22533.0	20988.0
gRNA_7812	NFE2	2633.0	2244.0	2267.0	2700.0	5992.0	2548.0	4633.0	2651.0	3195.0
gRNA_7813	NFE2	21069.0	21632.0	5224.0	7465.0	10863.0	6114.0	16875.0	8535.0	10670.0
gRNA_7814	NFE2	7277.0	8027.0	6066.0	7152.0	14844.0	7040.0	12912.0	8754.0	10289.0
gRNA_7815	NFE2L2	14826.0	17354.0	16156.0	12296.0	20575.0	12038.0	26875.0	19576.0	19283.0
gRNA_7816	NFE2L2	14126.0	16248.0	16590.0	10254.0	15643.0	9198.0	26110.0	14697.0	16303.0
gRNA_7822	NFE2L2	14181.0	13325.0	6822.0	6758.0	11756.0	7282.0	14758.0	4774.0	8322.0
gRNA_7823	NFE2L2	11797.0	10583.0	11601.0	6822.0	12125.0	6931.0	16915.0	7631.0	11169.0
gRNA_7826	NFE2L2	26149.0	24385.0	16317.0	12422.0	18796.0	12363.0	27011.0	20683.0	20004.0
gRNA_7827	NFE2L2	16752.0	21404.0	13446.0	15991.0	24917.0	13714.0	43558.0	17011.0	20435.0
gRNA_7828	NFE2L2	11703.0	10476.0	10896.0	8501.0	17054.0	10292.0	19651.0	8439.0	10947.0
gRNA_7829	NFE2L2	10337.0	10519.0	12860.0	9034.0	14988.0	8580.0	16481.0	7042.0	10293.0
gRNA_7839	NKX2-1	14205.0	13816.0	3747.0	8347.0	12557.0	6834.0	13237.0	7770.0	9979.0
gRNA_7843	NKX2-1	16553.0	15307.0	2431.0	2615.0	6320.0	3320.0	8486.0	4844.0	6725.0
gRNA_7873	NKX3-1	24363.0	28031.0	23321.0	14412.0	29995.0	13737.0	37015.0	20179.0	23025.0
gRNA_7885	NOTCH1	25813.0	32488.0	25653.0	15322.0	28804.0	12667.0	35367.0	21256.0	22364.0
gRNA_7886	NOTCH1	10781.0	10867.0	9980.0	9849.0	17588.0	8405.0	18623.0	11347.0	13804.0
gRNA_7901	NOTCH1	26211.0	38155.0	17634.0	15647.0	28090.0	12706.0	38246.0	24085.0	23897.0
gRNA_7902	NOTCH1	9257.0	10577.0	5236.0	8789.0	18708.0	9063.0	22917.0	13867.0	13269.0
gRNA_7917	NOTCH1	21810.0	23816.0	18470.0	17054.0	27633.0	16921.0	43654.0	22193.0	23407.0
gRNA_7918	NOTCH1	17960.0	20176.0	16253.0	17954.0	36918.0	18264.0	38609.0	24864.0	28146.0
gRNA_7919	NOTCH1	11624.0	12568.0	11207.0	8203.0	15936.0	11366.0	14712.0	10865.0	13308.0
gRNA_7935	NOTCH1	20934.0	21829.0	16558.0	12591.0	23491.0	15452.0	27433.0	18572.0	18686.0
gRNA_7956	NOTCH1	21312.0	23861.0	20961.0	13958.0	28959.0	15423.0	36669.0	17613.0	20540.0
gRNA_8028	NOTCH2	43569.0	53231.0	51712.0	28651.0	50249.0	25448.0	66200.0	35616.0	37483.0
gRNA_8198	NOTCH3	10635.0	10363.0	8460.0	10146.0	18744.0	11526.0	22880.0	10880.0	14944.0
gRNA_8216	NPM1	17661.0	19152.0	20986.0	20560.0	29393.0	16928.0	36567.0	23268.0	24020.0
gRNA_8217	NRAS	49761.0	55617.0	24773.0	23186.0	42560.0	23544.0	58823.0	34584.0	33103.0
gRNA_8225	NRAS	13565.0	11629.0	10084.0	11738.0	19841.0	13849.0	22097.0	9381.0	12653.0
gRNA_8226	NSD1	28442.0	34648.0	27990.0	20180.0	36480.0	18041.0	43521.0	27064.0	27900.0
gRNA_8227	NSD1	7618.0	9117.0	6630.0	6962.0	12782.0	6117.0	15667.0	6973.0	8570.0
gRNA_8228	NSD1	15491.0	15500.0	13029.0	18251.0	30479.0	14662.0	40366.0	16523.0	20044.0
gRNA_8241	NSD1	9208.0	10555.0	8598.0	13415.0	16155.0	7480.0	19170.0	8712.0	9496.0
gRNA_8302	NTRK2	18052.0	22134.0	15646.0	13573.0	21106.0	12875.0	33101.0	18797.0	17768.0
gRNA_8366	NTRK3	12333.0	12009.0	12242.0	11531.0	14562.0	8775.0	21315.0	11449.0	12856.0
gRNA_8367	NTRK3	13825.0	15263.0	16159.0	12488.0	19850.0	10167.0	25677.0	15308.0	16289.0
gRNA_8409	NTRK3	11607.0	12463.0	11935.0	9506.0	15999.0	9852.0	21405.0	14092.0	13496.0
gRNA_8410	NTRK3	6145.0	5868.0	4109.0	5481.0	8707.0	6132.0	14794.0	6414.0	8379.0
gRNA_8493	PAX5	33808.0	34443.0	13861.0	10955.0	22078.0	10784.0	25159.0	14680.0	14475.0
gRNA_8494	PAX5	20559.0	22290.0	18870.0	18165.0	29009.0	17254.0	41634.0	22522.0	25508.0
gRNA_8513	PAX5	6326.0	7669.0	6823.0	10314.0	15206.0	9537.0	14948.0	7635.0	8319.0
gRNA_8569	PDGFRA	20078.0	25368.0	16454.0	22011.0	35434.0	17957.0	50996.0	25182.0	26636.0
gRNA_8650	PDGFRB	16560.0	19339.0	14909.0	12407.0	22172.0	11874.0	20642.0	13619.0	13500.0
gRNA_8651	PDGFRB	9888.0	9794.0	8101.0	6345.0	14571.0	9089.0	14846.0	10429.0	9837.0
gRNA_8652	PDGFRB	10957.0	12821.0	12061.0	9647.0	17379.0	7643.0	18138.0	9756.0	12959.0
gRNA_8668	PDGFRB	17379.0	19408.0	15774.0	16862.0	27473.0	13840.0	35186.0	19474.0	18064.0
gRNA_8672	PDGFRB	25715.0	31060.0	26786.0	18776.0	33442.0	16934.0	49388.0	21875.0	25327.0
gRNA_8673	PDGFRB	9635.0	10664.0	8762.0	6628.0	10713.0	6832.0	12643.0	8965.0	9479.0
gRNA_8695	PHF6	12827.0	11684.0	11075.0	7761.0	12134.0	6373.0	15230.0	12216.0	14142.0
gRNA_8696	PHF6	14240.0	13480.0	15433.0	10190.0	17666.0	12511.0	22214.0	14643.0	17358.0
gRNA_8699	PHF6	9087.0	10164.0	10409.0	8160.0	13466.0	7745.0	14399.0	10588.0	12776.0
gRNA_8775	PIK3CA	17677.0	19404.0	21408.0	18297.0	27653.0	17607.0	31999.0	18577.0	17836.0
gRNA_8782	PIK3CA	10892.0	10397.0	12926.0	10650.0	15071.0	9566.0	20041.0	11971.0	11482.0
gRNA_8783	PIK3CA	27796.0	26436.0	30157.0	21199.0	34761.0	19090.0	42077.0	20288.0	30296.0
gRNA_8784	PIK3CA	23714.0	24225.0	31903.0	25259.0	33403.0	21494.0	42967.0	24590.0	22759.0
gRNA_8789	PIK3CA	12654.0	12561.0	11722.0	11355.0	16765.0	9980.0	20026.0	16112.0	18096.0
gRNA_8790	PIK3CA	11016.0	12218.0	10485.0	8614.0	16972.0	11489.0	17322.0	10118.0	11114.0
gRNA_8791	PIK3CA	18152.0	23633.0	17689.0	14332.0	32276.0	17016.0	32377.0	15713.0	19658.0
gRNA_8793	PIK3CA	17617.0	20851.0	17589.0	10855.0	18694.0	9691.0	32891.0	13496.0	11962.0
gRNA_8794	PIK3CA	24423.0	26297.0	25528.0	19142.0	38156.0	21519.0	39382.0	17228.0	20099.0
gRNA_8795	PIK3CA	23948.0	28226.0	22321.0	16503.0	28065.0	13994.0	30072.0	18841.0	22387.0
gRNA_8803	PIK3CA	22816.0	27762.0	23426.0	15681.0	31379.0	15485.0	32096.0	22009.0	22622.0
gRNA_8804	PIK3CA	9429.0	9521.0	9050.0	10538.0	15799.0	10482.0	16902.0	11596.0	11738.0
gRNA_8808	PIK3CA	11015.0	9861.0	8544.0	8286.0	14832.0	9356.0	17314.0	7343.0	10405.0
gRNA_8813	PIK3CA	8214.0	8818.0	8045.0	9481.0	11037.0	5253.0	14579.0	10893.0	10566.0
gRNA_8814	PIK3CA	7858.0	7996.0	7535.0	7843.0	11925.0	6594.0	13783.0	8166.0	9414.0
gRNA_8824	PIK3CA	15794.0	16890.0	16596.0	11173.0	18314.0	10901.0	22701.0	14074.0	17545.0
gRNA_8825	PIK3CA	46173.0	56667.0	44669.0	31843.0	58026.0	30666.0	58124.0	36825.0	37628.0
gRNA_8826	PIK3CA	28064.0	29269.0	27178.0	15444.0	34383.0	18808.0	30224.0	22157.0	25637.0
gRNA_8827	PIK3CA	27761.0	30765.0	24229.0	15761.0	25405.0	14323.0	27494.0	20280.0	23283.0
gRNA_8831	PIK3CA	719.0	983.0	885.0	1179.0	1298.0	546.0	1448.0	509.0	528.0
gRNA_8833	PIK3CA	12933.0	13158.0	8600.0	12616.0	18611.0	11924.0	32471.0	14521.0	20620.0
gRNA_8834	PIK3CA	15803.0	16487.0	13574.0	12733.0	25745.0	14434.0	32889.0	17294.0	19033.0
gRNA_8835	PIK3CA	16696.0	19971.0	15047.0	13027.0	23860.0	12472.0	30252.0	15904.0	16270.0
gRNA_8840	PIK3CA	22587.0	25981.0	24128.0	15730.0	26393.0	13800.0	46097.0	23388.0	28690.0
gRNA_8841	PIK3CA	12920.0	12437.0	14141.0	11449.0	16373.0	11078.0	25720.0	12073.0	15646.0
gRNA_8852	PIK3CA	18720.0	19465.0	17956.0	12523.0	21541.0	12962.0	28208.0	13866.0	19989.0
gRNA_8854	PIK3CA	10583.0	11141.0	12887.0	7820.0	12525.0	8115.0	17046.0	8630.0	10579.0
gRNA_8855	PIK3CA	17959.0	20139.0	19833.0	13396.0	26412.0	17449.0	31284.0	15694.0	20353.0
gRNA_8857	PIK3CA	6891.0	6724.0	5432.0	8300.0	13828.0	8273.0	12897.0	9879.0	8922.0
gRNA_8858	PIK3CA	15125.0	15758.0	14959.0	16839.0	21629.0	12200.0	31306.0	20238.0	17995.0
gRNA_8861	PIK3CA	13294.0	15594.0	16076.0	13476.0	19828.0	12162.0	26123.0	15300.0	16078.0
gRNA_8862	PIK3CA	2882.0	3062.0	3595.0	4450.0	5024.0	2546.0	7094.0	4918.0	5070.0
gRNA_8867	PIK3CA	6636.0	6438.0	7685.0	7864.0	10542.0	6434.0	13890.0	5944.0	6819.0
gRNA_8868	PIK3CA	6485.0	6996.0	7475.0	5889.0	7764.0	5172.0	11426.0	6393.0	6190.0
gRNA_8869	PIK3CA	7706.0	7363.0	8380.0	6984.0	13549.0	7690.0	9797.0	8927.0	9534.0
gRNA_8891	PIK3CB	28032.0	29500.0	32827.0	24448.0	40862.0	23126.0	38135.0	25318.0	29438.0
gRNA_8893	PIK3CB	15222.0	14318.0	18365.0	14310.0	23075.0	11669.0	26789.0	13846.0	16060.0
gRNA_8895	PIK3CB	10753.0	11216.0	9599.0	9622.0	14258.0	8103.0	21585.0	10875.0	10722.0
gRNA_8896	PIK3CB	9494.0	11500.0	8079.0	8535.0	18409.0	9951.0	20280.0	12053.0	8533.0
gRNA_8897	PIK3CB	1513.0	1226.0	1305.0	570.0	2126.0	898.0	1187.0	1541.0	1592.0
gRNA_8935	PIK3CD	15528.0	15431.0	13597.0	12203.0	23663.0	12978.0	32644.0	14054.0	17298.0
gRNA_8936	PIK3CD	8089.0	8226.0	6224.0	5327.0	9360.0	5350.0	15010.0	6702.0	7593.0
gRNA_8997	PIK3CG	18989.0	22114.0	13734.0	23464.0	34132.0	19289.0	46421.0	19105.0	21761.0
gRNA_8998	PIK3CG	7276.0	8180.0	4947.0	8512.0	11630.0	5289.0	8478.0	7520.0	7561.0
gRNA_8999	PIK3CG	8861.0	7774.0	1931.0	5238.0	7566.0	3843.0	8270.0	4030.0	4855.0
gRNA_9000	PIK3CG	10012.0	12408.0	6600.0	13786.0	18646.0	10534.0	21568.0	11871.0	11813.0
gRNA_9037	PIK3R1	8203.0	10119.0	8115.0	7408.0	11506.0	6748.0	12912.0	7531.0	6774.0
gRNA_9041	PIK3R1	12429.0	13484.0	10504.0	12615.0	20476.0	11083.0	23103.0	11774.0	13624.0
gRNA_9055	PIK3R1	13132.0	15860.0	12027.0	11664.0	19149.0	12427.0	22146.0	14922.0	16733.0
gRNA_9056	PIK3R1	4230.0	4093.0	5276.0	4822.0	9797.0	5394.0	4350.0	1954.0	2421.0
gRNA_9063	PIK3R1	36795.0	40007.0	46674.0	31434.0	57275.0	29583.0	64236.0	36588.0	30093.0
gRNA_9064	PIK3R1	15338.0	18193.0	18490.0	20627.0	23853.0	16351.0	29794.0	19126.0	13645.0
gRNA_9084	PIK3R2	36426.0	36353.0	13023.0	13127.0	28177.0	16440.0	22871.0	17334.0	20596.0
gRNA_9085	PIK3R2	14088.0	17366.0	14217.0	13809.0	25329.0	13417.0	22967.0	16130.0	17780.0
gRNA_9105	PIK3R2	37391.0	38312.0	16444.0	18229.0	31957.0	16661.0	34338.0	20226.0	18512.0
gRNA_9114	PIK3R3	17399.0	17321.0	3703.0	6725.0	10055.0	5403.0	13926.0	6984.0	9077.0
gRNA_9115	PIK3R3	9669.0	10194.0	2022.0	3453.0	7399.0	3819.0	6971.0	8141.0	6161.0
gRNA_9116	PIK3R3	3082.0	3286.0	1449.0	2011.0	3589.0	1841.0	4483.0	2650.0	2963.0
gRNA_9286	PMS2	25205.0	25392.0	28065.0	18625.0	32935.0	19618.0	37064.0	23367.0	28563.0
gRNA_9392	POLE	16628.0	19761.0	10339.0	18525.0	27669.0	13362.0	33053.0	15071.0	21062.0
gRNA_9410	POT1	14084.0	15935.0	15910.0	9668.0	16224.0	9843.0	25816.0	12982.0	15341.0
gRNA_9411	POT1	13998.0	15270.0	15530.0	12406.0	20831.0	12229.0	20771.0	12097.0	12787.0
gRNA_9513	PRDM1	20558.0	22700.0	22519.0	16087.0	23944.0	14347.0	28281.0	18107.0	25144.0
gRNA_9611	PRKD1	12905.0	13998.0	10574.0	9611.0	19359.0	10626.0	22597.0	11805.0	13530.0
gRNA_9612	PRKD1	17049.0	18536.0	19366.0	15018.0	27570.0	14062.0	29972.0	21931.0	20264.0
gRNA_9624	PRKD1	3838.0	3887.0	3651.0	5927.0	5967.0	3188.0	6570.0	5471.0	4510.0
gRNA_9625	PRKD1	7733.0	6550.0	8952.0	7192.0	11059.0	7335.0	15273.0	8474.0	9541.0
gRNA_9703	PTPN1	14783.0	13531.0	3376.0	6672.0	10374.0	4853.0	13541.0	8435.0	6510.0
gRNA_9705	PTPN11	19539.0	20497.0	21093.0	13753.0	26470.0	13050.0	35361.0	17507.0	19111.0
gRNA_9706	PTPN11	24722.0	26632.0	30228.0	19136.0	33264.0	18947.0	35671.0	19471.0	24431.0
gRNA_9730	PTPN11	3641.0	4055.0	4736.0	5142.0	9007.0	5423.0	6356.0	4261.0	5217.0
gRNA_9744	PTPN11	27961.0	26196.0	12058.0	12365.0	20086.0	11326.0	25114.0	18153.0	17928.0
gRNA_9745	PTPN11	18723.0	20408.0	7130.0	10856.0	15133.0	10553.0	25943.0	17030.0	15061.0
gRNA_9838	PTPRD	5064.0	5133.0	5624.0	5425.0	7953.0	4837.0	7763.0	4777.0	4720.0
gRNA_9875	PTPRD	4808.0	4429.0	4695.0	5900.0	7231.0	4472.0	8761.0	6431.0	6086.0
gRNA_9876	PTPRD	3575.0	3714.0	3380.0	6407.0	7424.0	4028.0	9573.0	5291.0	6157.0
gRNA_9881	PTPRD	1063.0	1013.0	1196.0	1565.0	1721.0	833.0	1999.0	1592.0	1599.0
gRNA_10049	PTPRT	26561.0	29258.0	8917.0	13585.0	27436.0	14350.0	27847.0	19704.0	20516.0
gRNA_10106	PTPRT	17499.0	20310.0	6587.0	12582.0	22212.0	10470.0	31494.0	18078.0	17934.0
gRNA_10107	PTPRT	18080.0	19455.0	7068.0	8955.0	13552.0	7493.0	18722.0	13926.0	10899.0
gRNA_10117	PTPRT	21694.0	20188.0	23513.0	18458.0	33468.0	21576.0	30157.0	20420.0	24689.0
gRNA_10118	PTPRT	26213.0	31408.0	27039.0	21534.0	31703.0	16468.0	34092.0	16965.0	16990.0
gRNA_10150	PTPRT	30813.0	36347.0	36937.0	28448.0	50844.0	24932.0	64688.0	27127.0	29697.0
gRNA_10274	RAD21	13037.0	11809.0	11982.0	8764.0	16340.0	10376.0	16963.0	7221.0	9897.0
gRNA_10275	RAD21	9925.0	8649.0	9978.0	6120.0	10395.0	6406.0	9074.0	5434.0	8120.0
gRNA_10306	RAD51C	22683.0	22994.0	27490.0	13456.0	22663.0	14143.0	28668.0	22288.0	20995.0
gRNA_10307	RAD51C	13531.0	13908.0	15507.0	13050.0	19426.0	12200.0	31191.0	11868.0	12306.0
gRNA_10336	RAF1	21081.0	23940.0	19321.0	11650.0	24072.0	12864.0	20979.0	12780.0	14478.0
gRNA_10337	RAF1	16737.0	21179.0	12111.0	12094.0	18746.0	10896.0	22039.0	14858.0	19772.0
gRNA_10342	RAF1	3860.0	4561.0	2461.0	4894.0	7561.0	3896.0	8787.0	5487.0	6435.0
gRNA_10343	RAF1	11587.0	11943.0	7292.0	10164.0	13511.0	7037.0	18114.0	10845.0	14802.0
gRNA_10363	RARA	9904.0	8240.0	2633.0	4350.0	5285.0	4155.0	6476.0	3443.0	4913.0
gRNA_10378	RARA	26594.0	28652.0	26245.0	18216.0	34614.0	18704.0	33994.0	20316.0	26621.0
gRNA_10379	RARA	13275.0	14055.0	4833.0	4310.0	7813.0	4493.0	7345.0	4000.0	5491.0
gRNA_10380	RARA	14668.0	17902.0	12351.0	9545.0	18675.0	10543.0	24579.0	12443.0	15244.0
gRNA_10397	RASA1	12595.0	14167.0	14742.0	14437.0	21777.0	11421.0	28679.0	13037.0	13256.0
gRNA_10406	RASA1	6861.0	6350.0	6410.0	10019.0	13856.0	8619.0	13621.0	9256.0	8884.0
gRNA_10436	RB1	5671.0	4931.0	5114.0	5830.0	8665.0	5428.0	11552.0	6167.0	6408.0
gRNA_10437	RB1	15939.0	15497.0	17987.0	15771.0	23854.0	16703.0	25537.0	15678.0	20733.0
gRNA_10447	RB1	21081.0	21517.0	21855.0	19129.0	27589.0	18095.0	47012.0	22671.0	22499.0
gRNA_10448	RB1	12401.0	12553.0	10888.0	13632.0	17263.0	13292.0	26222.0	16558.0	14408.0
gRNA_10456	RB1	11325.0	12601.0	12117.0	9012.0	13165.0	6525.0	14349.0	10293.0	10811.0
gRNA_10466	RB1	13820.0	16950.0	20122.0	14328.0	18816.0	14463.0	24189.0	17043.0	13418.0
gRNA_10467	RB1	8705.0	7483.0	8997.0	10263.0	14835.0	8769.0	13917.0	9050.0	8473.0
gRNA_10468	RB1	4736.0	4838.0	5039.0	5545.0	7741.0	4048.0	6826.0	4349.0	5023.0
gRNA_10504	RBM10	22214.0	23314.0	4661.0	9256.0	15128.0	7988.0	14000.0	10771.0	10297.0
gRNA_10546	RBM10	21676.0	20314.0	6098.0	11728.0	17842.0	11156.0	19476.0	13225.0	14077.0
gRNA_10547	RBM10	3841.0	5073.0	2541.0	6401.0	8885.0	5545.0	10498.0	6607.0	7537.0
gRNA_10548	RBM10	4764.0	5380.0	3113.0	6068.0	9916.0	6005.0	9709.0	7617.0	7041.0
gRNA_10571	RECQL	17018.0	19597.0	21000.0	15152.0	26495.0	14592.0	25774.0	16908.0	19606.0
gRNA_10572	RECQL	6060.0	6517.0	5885.0	6693.0	11232.0	6090.0	10036.0	5598.0	6376.0
gRNA_10573	RECQL	28743.0	34258.0	27893.0	20706.0	34451.0	16649.0	56445.0	27236.0	30071.0
gRNA_10574	RECQL	12672.0	13988.0	12635.0	11669.0	17533.0	7038.0	20856.0	11421.0	11823.0
gRNA_10595	RET	12828.0	15568.0	12349.0	10943.0	21003.0	9610.0	24579.0	13875.0	14028.0
gRNA_10596	RET	5661.0	6791.0	3389.0	6178.0	12945.0	5742.0	15479.0	8069.0	7218.0
gRNA_10597	RET	8391.0	12164.0	8149.0	11242.0	16440.0	10816.0	22947.0	10550.0	11522.0
gRNA_10598	RET	20376.0	26183.0	6273.0	12702.0	20403.0	10343.0	23580.0	18134.0	15855.0
gRNA_10617	RHEB	22132.0	24580.0	22379.0	14911.0	27841.0	16025.0	42237.0	22596.0	25086.0
gRNA_10618	RHEB	18484.0	18324.0	18136.0	12986.0	20003.0	11683.0	53761.0	23542.0	26049.0
gRNA_10622	RHOA	11127.0	11544.0	11257.0	9485.0	15525.0	8132.0	21290.0	11486.0	14145.0
gRNA_10623	RHOA	19690.0	25131.0	26068.0	14796.0	27552.0	12857.0	42806.0	20992.0	18575.0
gRNA_10632	RHOA	6926.0	6482.0	5348.0	5986.0	9273.0	6993.0	11999.0	7487.0	8543.0
gRNA_10633	RHOA	4107.0	5281.0	3665.0	5727.0	9785.0	5684.0	9686.0	5601.0	5981.0
gRNA_10634	RHOA	7552.0	10081.0	5634.0	8325.0	13128.0	6373.0	11294.0	10603.0	11218.0
gRNA_10635	RHOA	12345.0	12448.0	11196.0	11297.0	19762.0	9702.0	18290.0	12686.0	14128.0
gRNA_10636	RHOA	16005.0	18321.0	19487.0	18785.0	26023.0	15763.0	36509.0	25859.0	18371.0
gRNA_10637	RHOA	17803.0	20498.0	19335.0	17650.0	28750.0	16618.0	26926.0	16718.0	23638.0
gRNA_10656	RICTOR	6056.0	6615.0	3547.0	3814.0	9317.0	5516.0	7081.0	5432.0	4771.0
gRNA_10657	RICTOR	7433.0	6510.0	1875.0	3121.0	3851.0	2185.0	4872.0	3012.0	3933.0
gRNA_10664	RICTOR	16134.0	16060.0	5881.0	8044.0	15768.0	8468.0	14164.0	9231.0	10892.0
gRNA_10665	RICTOR	21176.0	21308.0	6979.0	8628.0	16419.0	10476.0	25234.0	12674.0	15459.0
gRNA_10679	RIT1	14801.0	17996.0	9680.0	5901.0	11111.0	6835.0	18197.0	8517.0	13044.0
gRNA_10680	RIT1	35318.0	37265.0	25471.0	15050.0	28940.0	15401.0	46694.0	24263.0	26715.0
gRNA_10681	RIT1	18724.0	21569.0	18427.0	15513.0	28618.0	15225.0	36998.0	19730.0	22360.0
gRNA_10684	RIT1	7056.0	6145.0	2480.0	3718.0	6241.0	4097.0	8349.0	4023.0	5743.0
gRNA_10690	RNF43	6855.0	7995.0	4429.0	6386.0	10345.0	6133.0	12312.0	7918.0	10243.0
gRNA_10770	ROS1	6481.0	7079.0	5856.0	7560.0	9637.0	5572.0	9000.0	8766.0	8651.0
gRNA_10909	RTEL1	15992.0	19489.0	5888.0	7628.0	13521.0	7419.0	14637.0	13791.0	11559.0
gRNA_10910	RTEL1	11514.0	12500.0	9889.0	9886.0	14592.0	8437.0	22275.0	12210.0	12876.0
gRNA_10929	RUNX1	3414.0	3804.0	3504.0	4776.0	7870.0	4628.0	7905.0	5294.0	6592.0
gRNA_10930	RUNX1	15609.0	15120.0	3974.0	5627.0	7440.0	4193.0	7326.0	4109.0	5543.0
gRNA_10932	RUNX1	11534.0	12755.0	8729.0	9518.0	18411.0	9622.0	22725.0	13140.0	15937.0
gRNA_10955	RUNX1	1387.0	1857.0	1387.0	1994.0	3250.0	1919.0	3477.0	1058.0	1084.0
gRNA_10969	RUNX1	26905.0	28067.0	8480.0	12425.0	22179.0	10547.0	26383.0	19340.0	19394.0
gRNA_10970	RUNX1	7919.0	8436.0	7391.0	7709.0	11212.0	6746.0	16005.0	8251.0	9833.0
gRNA_10971	RUNX1	10097.0	10966.0	3157.0	5621.0	8363.0	3804.0	14580.0	9802.0	9380.0
gRNA_11017	SDHA	20367.0	21358.0	19678.0	10490.0	23187.0	13864.0	29607.0	18337.0	20676.0
gRNA_11018	SDHA	18507.0	20342.0	21666.0	16030.0	28117.0	17809.0	32426.0	14539.0	19242.0
gRNA_11069	SETBP1	3704.0	3736.0	2126.0	3771.0	6129.0	3578.0	5158.0	4071.0	4400.0
gRNA_11070	SETBP1	2550.0	2299.0	1518.0	3275.0	4910.0	2787.0	5744.0	3871.0	4634.0
gRNA_11071	SETBP1	12150.0	12891.0	2937.0	6174.0	10820.0	5972.0	13628.0	8509.0	11599.0
gRNA_11098	SETD2	10642.0	11521.0	6063.0	5306.0	8460.0	4969.0	10839.0	6643.0	6238.0
gRNA_11099	SETD2	6691.0	6169.0	5166.0	5134.0	8609.0	4830.0	4697.0	2876.0	4424.0
gRNA_11111	SETD2	25167.0	25850.0	16398.0	11379.0	18430.0	10675.0	25829.0	15113.0	14728.0
gRNA_11112	SETD2	16261.0	15489.0	7045.0	9405.0	13548.0	9034.0	20874.0	9695.0	12311.0
gRNA_11113	SETD2	18083.0	18905.0	20999.0	15335.0	23552.0	13416.0	31555.0	18424.0	20294.0
gRNA_11114	SETD2	10634.0	12902.0	11292.0	9669.0	14526.0	9996.0	14591.0	11015.0	14089.0
gRNA_11122	SETD6	20023.0	23149.0	26119.0	18695.0	20324.0	13687.0	32864.0	23434.0	16310.0
gRNA_11132	SF3B1	13762.0	12668.0	13624.0	10160.0	18248.0	12599.0	22605.0	13963.0	17995.0
gRNA_11133	SF3B1	13639.0	14814.0	12288.0	13836.0	18474.0	10801.0	21004.0	14384.0	15380.0
gRNA_11136	SF3B1	6839.0	6838.0	7526.0	7437.0	9266.0	6524.0	10418.0	7919.0	7555.0
gRNA_11141	SF3B1	14691.0	14722.0	13282.0	9860.0	21932.0	11175.0	21430.0	14013.0	16186.0
gRNA_11142	SF3B1	26544.0	31225.0	28098.0	18974.0	26667.0	13797.0	36363.0	20363.0	20500.0
gRNA_11143	SF3B1	13182.0	15492.0	11889.0	10152.0	16210.0	8405.0	22700.0	15371.0	14446.0
gRNA_11144	SF3B1	16103.0	15523.0	18999.0	15337.0	21221.0	13109.0	26128.0	15672.0	18309.0
gRNA_11157	SF3B1	5188.0	4156.0	4735.0	4604.0	6144.0	4045.0	7044.0	4039.0	3870.0
gRNA_11158	SF3B1	8887.0	9261.0	7686.0	9720.0	17500.0	8389.0	17652.0	9286.0	10181.0
gRNA_11159	SF3B1	15505.0	13378.0	15711.0	16533.0	26589.0	15975.0	27834.0	14899.0	18164.0
gRNA_11169	SF3B1	18380.0	23186.0	16734.0	13567.0	19328.0	12176.0	30562.0	17864.0	19416.0
gRNA_11182	SH2B3	8221.0	8506.0	6613.0	4899.0	9590.0	5230.0	8735.0	8092.0	9983.0
gRNA_11195	SHQ1	12560.0	15553.0	16325.0	13072.0	17066.0	9879.0	24375.0	16039.0	12466.0
gRNA_11208	SMAD2	31459.0	29536.0	18560.0	12203.0	23929.0	10819.0	32177.0	12702.0	15534.0
gRNA_11209	SMAD2	11913.0	15816.0	10732.0	12785.0	23492.0	12222.0	22100.0	13492.0	14266.0
gRNA_11218	SMAD2	25811.0	25446.0	15674.0	13652.0	19702.0	13348.0	20675.0	12722.0	14218.0
gRNA_11219	SMAD2	7211.0	7136.0	7859.0	8333.0	10523.0	6343.0	14320.0	7973.0	8976.0
gRNA_11223	SMAD2	43505.0	43529.0	25817.0	20306.0	34912.0	20141.0	43945.0	28329.0	28187.0
gRNA_11224	SMAD2	17292.0	17712.0	12843.0	9506.0	15900.0	9514.0	20120.0	9063.0	11440.0
gRNA_11284	SMAD4	3915.0	4479.0	1270.0	3204.0	4579.0	2549.0	6136.0	3565.0	4178.0
gRNA_11285	SMAD4	6773.0	6661.0	1744.0	4118.0	5687.0	3256.0	6398.0	5629.0	6923.0
gRNA_11298	SMAD4	17304.0	21831.0	17418.0	21623.0	35667.0	17617.0	49986.0	26110.0	22776.0
gRNA_11305	SMAD4	10391.0	12167.0	2982.0	7161.0	12083.0	6098.0	14897.0	7197.0	10257.0
gRNA_11306	SMAD4	15646.0	17043.0	6066.0	7500.0	12062.0	6084.0	17136.0	13100.0	12342.0
gRNA_11312	SMAD4	21858.0	20181.0	10147.0	9023.0	19565.0	12568.0	22198.0	12333.0	13835.0
gRNA_11315	SMAD4	879.0	673.0	671.0	985.0	1335.0	820.0	834.0	498.0	722.0
gRNA_11319	SMAD4	11009.0	9811.0	10548.0	8975.0	15911.0	10854.0	14241.0	12039.0	14644.0
gRNA_11322	SMAD4	13358.0	18736.0	13606.0	13382.0	22462.0	10283.0	20228.0	15022.0	14513.0
gRNA_11323	SMAD4	17299.0	21848.0	14279.0	12737.0	20064.0	11374.0	28659.0	22265.0	21039.0
gRNA_11324	SMAD4	6081.0	6220.0	4297.0	6593.0	9494.0	6533.0	16981.0	8095.0	9049.0
gRNA_11325	SMAD4	8368.0	8960.0	6485.0	6023.0	9435.0	6189.0	12736.0	6047.0	7286.0
gRNA_11326	SMAD4	8665.0	10069.0	6990.0	9844.0	15189.0	7349.0	23175.0	9772.0	8549.0
gRNA_11336	SMAD4	5646.0	6137.0	5770.0	6275.0	11582.0	7235.0	12613.0	5026.0	6153.0
gRNA_11337	SMAD4	3683.0	3572.0	2945.0	3931.0	5804.0	3658.0	5029.0	2688.0	3268.0
gRNA_11449	SMARCA4	8812.0	9054.0	9607.0	6182.0	10933.0	6937.0	10154.0	6284.0	8458.0
gRNA_11450	SMARCA4	9378.0	9101.0	12128.0	7213.0	12416.0	8215.0	15473.0	8182.0	9699.0
gRNA_11454	SMARCA4	10549.0	14290.0	10923.0	11535.0	19955.0	13401.0	24459.0	10017.0	11666.0
gRNA_11499	SMARCA4	14299.0	15112.0	17445.0	13389.0	21004.0	14515.0	28063.0	15697.0	18479.0
gRNA_11500	SMARCA4	10403.0	10596.0	10834.0	8848.0	14091.0	9367.0	14390.0	8686.0	9361.0
gRNA_11532	SMARCA4	4856.0	4953.0	4780.0	4018.0	6886.0	4127.0	6291.0	2415.0	3234.0
gRNA_11533	SMARCA4	14110.0	13768.0	7791.0	6454.0	14627.0	8268.0	15775.0	10311.0	15454.0
gRNA_11581	SMC1A	8165.0	8315.0	7627.0	6589.0	9101.0	5189.0	13108.0	4165.0	4064.0
gRNA_11582	SMC1A	8338.0	9374.0	8553.0	7202.0	9372.0	6063.0	11721.0	6901.0	9463.0
gRNA_11589	SMC3	14665.0	17429.0	16225.0	11649.0	21146.0	9680.0	18035.0	13482.0	15089.0
gRNA_11590	SMG1	7305.0	7781.0	8680.0	6698.0	10327.0	7035.0	11362.0	4832.0	5894.0
gRNA_11607	SMO	21542.0	21900.0	6185.0	11884.0	18959.0	10603.0	18189.0	15830.0	15455.0
gRNA_11608	SMO	13208.0	12835.0	3126.0	5978.0	9728.0	5387.0	7939.0	6176.0	8670.0
gRNA_11609	SMO	23401.0	22114.0	12549.0	15725.0	27449.0	15419.0	41548.0	20111.0	23504.0
gRNA_11670	SOCS1	13109.0	11509.0	2366.0	3776.0	5161.0	3039.0	6467.0	3361.0	4171.0
gRNA_11671	SOCS1	81526.0	59376.0	6997.0	6584.0	9913.0	5262.0	9447.0	6550.0	7626.0
gRNA_11689	SOS1	15098.0	13581.0	17955.0	10126.0	18497.0	11641.0	30194.0	14389.0	16573.0
gRNA_11701	SOS1	10310.0	8753.0	9182.0	8412.0	16497.0	9482.0	18027.0	10919.0	12047.0
gRNA_11702	SOS1	15863.0	18463.0	16119.0	17136.0	25134.0	16088.0	36887.0	17129.0	21125.0
gRNA_11703	SOS1	17591.0	19017.0	16708.0	17010.0	22192.0	13506.0	34938.0	19423.0	20902.0
gRNA_11748	SOX2	16593.0	19419.0	17686.0	16867.0	28167.0	14364.0	35596.0	20183.0	17314.0
gRNA_11796	SOX9	3083.0	3678.0	2609.0	2363.0	5321.0	2588.0	3694.0	3256.0	3513.0
gRNA_11797	SOX9	13611.0	12766.0	5498.0	7316.0	13099.0	6922.0	14841.0	8708.0	9721.0
gRNA_11798	SOX9	10417.0	9404.0	4165.0	4731.0	7260.0	4119.0	7793.0	6915.0	5779.0
gRNA_11967	STAG2	11571.0	10539.0	9745.0	9597.0	13646.0	8813.0	20001.0	8918.0	10686.0
gRNA_11968	STAG2	11481.0	12144.0	11227.0	9160.0	14949.0	8948.0	22893.0	13006.0	12766.0
gRNA_11992	STAT3	14262.0	13997.0	12576.0	13609.0	21829.0	10440.0	28671.0	11139.0	14280.0
gRNA_11993	STAT3	10759.0	11178.0	3684.0	7509.0	10166.0	6377.0	15375.0	6979.0	10398.0
gRNA_11994	STAT3	11198.0	11561.0	10215.0	9692.0	16303.0	9936.0	22800.0	11910.0	12070.0
gRNA_12001	STAT3	27557.0	29915.0	20657.0	18051.0	27434.0	17682.0	37907.0	20426.0	20289.0
gRNA_12002	STAT3	13007.0	14338.0	15879.0	11948.0	20552.0	14025.0	22513.0	16271.0	18187.0
gRNA_12006	STAT3	24068.0	22602.0	8926.0	7934.0	14706.0	7013.0	19682.0	11399.0	9137.0
gRNA_12007	STAT3	29353.0	27119.0	19550.0	17695.0	27136.0	16944.0	44775.0	25229.0	25473.0
gRNA_12024	STAT3	18112.0	18671.0	3334.0	4360.0	7060.0	4458.0	7135.0	5741.0	6994.0
gRNA_12025	STAT3	16067.0	17853.0	8673.0	11467.0	16516.0	7181.0	21791.0	13418.0	15251.0
gRNA_12026	STAT3	5580.0	7269.0	3492.0	5164.0	7526.0	3954.0	11326.0	7542.0	8250.0
gRNA_12062	STAT6	6397.0	6116.0	5204.0	6239.0	11536.0	6681.0	10421.0	6612.0	5900.0
gRNA_12063	STAT6	8111.0	9384.0	8978.0	6489.0	11184.0	5630.0	14864.0	9007.0	9456.0
gRNA_12064	STAT6	13514.0	12341.0	12356.0	13617.0	23532.0	13827.0	33042.0	8668.0	16238.0
gRNA_12065	STAT6	9455.0	10581.0	10332.0	7638.0	16011.0	9516.0	10374.0	8703.0	9978.0
gRNA_12079	STK11	13274.0	13823.0	16560.0	12555.0	23499.0	13627.0	16180.0	8827.0	13775.0
gRNA_12080	STK11	7256.0	6448.0	5993.0	7157.0	13727.0	6638.0	15858.0	6759.0	7886.0
gRNA_12081	STK11	26206.0	27846.0	25710.0	21434.0	40630.0	20247.0	45687.0	23456.0	26849.0
gRNA_12151	SUZ12	14186.0	16178.0	15874.0	9734.0	17470.0	10675.0	28644.0	10917.0	13470.0
gRNA_12164	SYK	11358.0	13092.0	4352.0	9797.0	12185.0	6849.0	33214.0	12172.0	13446.0
gRNA_12197	TBL1XR1	8778.0	8919.0	11492.0	7091.0	11964.0	6901.0	10964.0	8553.0	8953.0
gRNA_12203	TBX3	23345.0	24499.0	24049.0	18216.0	27828.0	15252.0	32420.0	17785.0	23630.0
gRNA_12243	TBX3	7064.0	8570.0	8078.0	8169.0	10955.0	6440.0	13236.0	9595.0	8057.0
gRNA_12244	TBX3	9634.0	10312.0	10194.0	11927.0	14672.0	9259.0	13688.0	10816.0	11093.0
gRNA_12270	TCF3	21825.0	22616.0	7209.0	11348.0	14648.0	9013.0	18901.0	11811.0	11864.0
gRNA_12271	TCF3	13423.0	14114.0	8849.0	18869.0	24475.0	13990.0	45594.0	21904.0	18866.0
gRNA_12272	TCF3	10455.0	12718.0	6677.0	14104.0	22060.0	12434.0	22104.0	15944.0	18601.0
gRNA_12369	TET2	14559.0	15701.0	15690.0	10911.0	19854.0	10814.0	28526.0	12141.0	13518.0
gRNA_12370	TET2	25897.0	26261.0	28833.0	20507.0	27475.0	18413.0	46688.0	23850.0	25931.0
gRNA_12383	TET2	7289.0	7391.0	7381.0	7398.0	13560.0	7172.0	12550.0	9355.0	10439.0
gRNA_12386	TET2	10639.0	12446.0	11197.0	10742.0	17647.0	11728.0	19471.0	11762.0	6955.0
gRNA_12394	TGFBR1	9781.0	10136.0	9294.0	6663.0	11933.0	6456.0	18269.0	8485.0	11480.0
gRNA_12403	TGFBR1	23969.0	23203.0	22515.0	15126.0	27833.0	14956.0	31475.0	17626.0	22230.0
gRNA_12483	TNFRSF14	16094.0	17618.0	15137.0	15612.0	26128.0	17211.0	42754.0	14622.0	14717.0
gRNA_12498	TP53	22909.0	26280.0	23516.0	13942.0	27861.0	16300.0	40138.0	20074.0	20832.0
gRNA_12499	TP53	1185.0	1381.0	1088.0	1863.0	2282.0	2060.0	3174.0	920.0	1327.0
gRNA_12500	TP53	36903.0	40192.0	35384.0	21995.0	39646.0	26122.0	61964.0	36349.0	35412.0
gRNA_12501	TP53	22014.0	22860.0	20394.0	13373.0	26052.0	16109.0	36770.0	18872.0	23663.0
gRNA_12502	TP53	17791.0	21277.0	17996.0	10227.0	17897.0	10876.0	22697.0	16215.0	19420.0
gRNA_12508	TP53	12382.0	11766.0	11568.0	13427.0	22478.0	12012.0	22365.0	18558.0	16566.0
gRNA_12509	TP53	12025.0	13682.0	11350.0	12933.0	18056.0	10331.0	25357.0	15336.0	15301.0
gRNA_12510	TP53	14182.0	14687.0	15657.0	17516.0	24179.0	14336.0	34932.0	16259.0	19738.0
gRNA_12521	TP53	20542.0	22448.0	20115.0	18783.0	35183.0	17689.0	41094.0	27263.0	32231.0
gRNA_12522	TP53	11206.0	14687.0	13079.0	11152.0	18692.0	14157.0	21812.0	15274.0	10197.0
gRNA_12523	TP53	9605.0	9861.0	7868.0	10372.0	16042.0	9880.0	25183.0	10962.0	12954.0
gRNA_12528	TP53	5022.0	4919.0	3350.0	6237.0	7997.0	5374.0	9315.0	6075.0	7978.0
gRNA_12529	TP53	6414.0	7443.0	4489.0	7758.0	12064.0	6712.0	15461.0	8370.0	10918.0
gRNA_12530	TP53	11774.0	13310.0	9643.0	10862.0	14750.0	10437.0	17824.0	13812.0	11745.0
gRNA_12534	TP53	23868.0	30891.0	25520.0	22368.0	22289.0	15368.0	45918.0	32580.0	17387.0
gRNA_12535	TP53	10361.0	11763.0	9987.0	9723.0	15880.0	9570.0	23369.0	10329.0	11720.0
gRNA_12536	TP53	7326.0	8578.0	4401.0	7165.0	10070.0	6158.0	17019.0	7332.0	8633.0
gRNA_12537	TP53	5354.0	5054.0	2831.0	3702.0	6776.0	4815.0	7378.0	4521.0	5684.0
gRNA_12538	TP53	6162.0	6794.0	5663.0	6228.0	8934.0	6032.0	12708.0	6207.0	6554.0
gRNA_12547	TP53	8286.0	7258.0	7765.0	6692.0	13102.0	8173.0	10972.0	6528.0	11422.0
gRNA_12548	TP53	8861.0	9804.0	5202.0	8771.0	13662.0	7092.0	16784.0	10223.0	9110.0
gRNA_12549	TP53	22358.0	25121.0	15446.0	22773.0	32434.0	19333.0	45094.0	27025.0	26727.0
gRNA_12556	TP53	21273.0	20093.0	6044.0	10197.0	16436.0	11405.0	20552.0	13096.0	16950.0
gRNA_12557	TP53	16155.0	16612.0	13772.0	11657.0	22540.0	10716.0	37952.0	16283.0	17651.0
gRNA_12558	TP53	31279.0	31777.0	9638.0	13265.0	24714.0	12808.0	35054.0	20496.0	22000.0
gRNA_12560	TP53	16492.0	19233.0	15109.0	14891.0	22730.0	12895.0	33858.0	21243.0	17152.0
gRNA_12561	TP53	21212.0	22989.0	13012.0	17942.0	26879.0	16628.0	46533.0	22629.0	28525.0
gRNA_12562	TP53	31480.0	33294.0	35805.0	23475.0	40548.0	20540.0	67354.0	31333.0	32248.0
gRNA_12567	TP53	16438.0	15674.0	6280.0	9430.0	14307.0	7202.0	15375.0	9654.0	11669.0
gRNA_12576	TP53	24189.0	24472.0	19465.0	13726.0	26944.0	15949.0	40874.0	24202.0	25102.0
gRNA_12577	TP53	17843.0	19367.0	13992.0	12695.0	23620.0	10648.0	30307.0	17467.0	19980.0
gRNA_12578	TP53	1879.0	2012.0	1942.0	2420.0	2713.0	1838.0	4375.0	2195.0	1749.0
gRNA_12579	TP53	3076.0	3029.0	1722.0	3420.0	3500.0	1927.0	4395.0	3977.0	3874.0
gRNA_12580	TP53	15997.0	15379.0	5360.0	8112.0	13123.0	7448.0	22673.0	13152.0	12598.0
gRNA_12581	TP53	2191.0	1412.0	1212.0	1086.0	2347.0	903.0	3398.0	1631.0	2642.0
gRNA_12582	TP53	4394.0	4444.0	3772.0	2052.0	3274.0	1829.0	4779.0	2792.0	3526.0
gRNA_12583	TP53	14831.0	16917.0	13635.0	7987.0	14747.0	8582.0	18372.0	13132.0	17758.0
gRNA_12584	TP53	15572.0	15775.0	17891.0	7827.0	16523.0	9897.0	21160.0	12126.0	12040.0
gRNA_12585	TP53	9457.0	10563.0	8583.0	7733.0	12384.0	7345.0	16809.0	12577.0	11265.0
gRNA_12586	TP53	12112.0	14303.0	15304.0	10453.0	17995.0	9839.0	24468.0	13083.0	13392.0
gRNA_12587	TP53	6393.0	7591.0	5848.0	5391.0	7916.0	4879.0	12605.0	6562.0	6301.0
gRNA_12588	TP53	13672.0	18784.0	11702.0	10778.0	24816.0	14108.0	19259.0	11348.0	15754.0
gRNA_12589	TP53	3508.0	3391.0	2737.0	2122.0	4772.0	3287.0	4543.0	2893.0	3434.0
gRNA_12590	TP53	16547.0	19553.0	12132.0	12824.0	19799.0	10928.0	25611.0	18124.0	17868.0
gRNA_12591	TP53	3889.0	4514.0	2678.0	3833.0	6542.0	4210.0	9011.0	3472.0	5235.0
gRNA_12592	TP53	8072.0	8497.0	2167.0	5859.0	8201.0	5341.0	10128.0	6161.0	6782.0
gRNA_12595	TP53	24661.0	21528.0	11558.0	8882.0	14862.0	9187.0	21023.0	13572.0	16984.0
gRNA_12596	TP53	25693.0	26861.0	28389.0	14871.0	27872.0	15115.0	35614.0	24450.0	24017.0
gRNA_12597	TP53	6262.0	6516.0	4014.0	10346.0	15071.0	8022.0	22886.0	11918.0	12592.0
gRNA_12598	TP53	10248.0	11178.0	9705.0	9405.0	12983.0	9050.0	23148.0	14922.0	16548.0
gRNA_12599	TP53	11682.0	12236.0	9805.0	4943.0	9396.0	5598.0	16520.0	9197.0	11591.0
gRNA_12600	TP53	9636.0	11412.0	8753.0	7480.0	11775.0	6998.0	19683.0	13523.0	11730.0
gRNA_12601	TP53	7129.0	7872.0	5067.0	8242.0	14106.0	8083.0	15841.0	12073.0	13437.0
gRNA_12602	TP53	16250.0	15993.0	15074.0	13322.0	24784.0	13880.0	32876.0	26145.0	23844.0
gRNA_12604	TP53	15866.0	14720.0	4513.0	10745.0	11057.0	5876.0	21396.0	11569.0	10314.0
gRNA_12606	TP53	11890.0	12263.0	11103.0	11066.0	22320.0	10956.0	23112.0	14545.0	12415.0
gRNA_12607	TP53	11078.0	12193.0	10010.0	9541.0	15971.0	9217.0	21700.0	12942.0	12613.0
gRNA_12608	TP53	12611.0	12951.0	9476.0	11674.0	20660.0	11385.0	26781.0	17385.0	19551.0
gRNA_12609	TP53	10468.0	12334.0	12174.0	8331.0	13902.0	7909.0	22320.0	11460.0	14826.0
gRNA_12610	TP53	24463.0	26192.0	14431.0	11930.0	19570.0	10747.0	22501.0	10985.0	11500.0
gRNA_12618	TP53	9835.0	10595.0	6730.0	7623.0	11056.0	5672.0	17975.0	13603.0	16206.0
gRNA_12624	TP53	12698.0	14908.0	12153.0	10013.0	16431.0	8619.0	17650.0	10126.0	12845.0
gRNA_12625	TP53	29738.0	39731.0	22942.0	14583.0	31142.0	13326.0	47461.0	29598.0	24725.0
gRNA_12635	TP53	8275.0	7822.0	6906.0	5334.0	8672.0	5825.0	12035.0	7179.0	8714.0
gRNA_12652	TP53BP1	15787.0	18772.0	16276.0	14484.0	19027.0	10888.0	29459.0	17728.0	12612.0
gRNA_12653	TP53BP1	17084.0	19294.0	16639.0	13945.0	20071.0	11372.0	21150.0	12810.0	12552.0
gRNA_12654	TP53BP1	12033.0	13204.0	11321.0	7668.0	12569.0	7803.0	12381.0	8539.0	8935.0
gRNA_12655	TP53BP1	9144.0	9775.0	8357.0	8947.0	10473.0	6477.0	15983.0	9612.0	9351.0
gRNA_12754	TRAF7	2160.0	1886.0	3395.0	1688.0	2329.0	1861.0	3317.0	1426.0	1363.0
gRNA_12779	TRAF7	22450.0	27116.0	26996.0	18538.0	32717.0	17540.0	41263.0	18334.0	22095.0
gRNA_12826	TSC1	4103.0	4403.0	3645.0	5953.0	8916.0	5512.0	9070.0	5569.0	6698.0
gRNA_12831	TSC1	13552.0	13114.0	3924.0	6677.0	13099.0	6663.0	11688.0	7371.0	8948.0
gRNA_12832	TSC1	2005.0	2180.0	2462.0	1617.0	3604.0	1914.0	3290.0	3165.0	1350.0
gRNA_12844	TSC2	13572.0	16965.0	9604.0	12058.0	20943.0	11211.0	31279.0	15949.0	18140.0
gRNA_12845	TSC2	13018.0	13570.0	8933.0	13276.0	24632.0	12389.0	28289.0	17152.0	16453.0
gRNA_12850	TSC2	31971.0	38277.0	31866.0	24103.0	46322.0	28093.0	46155.0	30596.0	35167.0
gRNA_12890	TSC2	16429.0	20722.0	13053.0	11336.0	18433.0	10990.0	22829.0	14425.0	16030.0
gRNA_12891	TSC2	7725.0	9924.0	5741.0	5818.0	11190.0	6950.0	16518.0	9156.0	9933.0
gRNA_12894	TSHR	9570.0	10362.0	11025.0	10000.0	15270.0	10210.0	16454.0	8537.0	7952.0
gRNA_12922	U2AF1	21612.0	22957.0	25007.0	17593.0	28760.0	15310.0	43162.0	18886.0	18794.0
gRNA_12923	U2AF1	22941.0	23874.0	19678.0	24656.0	41419.0	22186.0	67386.0	44485.0	41136.0
gRNA_12925	U2AF1	15668.0	13168.0	15730.0	10758.0	18979.0	11977.0	22652.0	10244.0	12639.0
gRNA_12930	U2AF1	11916.0	14334.0	14345.0	10477.0	16166.0	8887.0	20278.0	10054.0	11231.0
gRNA_12954	UPF1	12671.0	16195.0	11980.0	10714.0	21262.0	11288.0	18450.0	11031.0	14265.0
gRNA_12989	VHL	1871.0	1772.0	1496.0	1172.0	1882.0	1055.0	4042.0	843.0	1098.0
gRNA_12990	VHL	4786.0	4700.0	3037.0	4482.0	6216.0	4137.0	4293.0	4533.0	4639.0
gRNA_12991	VHL	6240.0	5286.0	3528.0	3649.0	6472.0	3731.0	6336.0	5078.0	5149.0
gRNA_12999	VHL	6553.0	6399.0	4086.0	8161.0	13240.0	6292.0	12855.0	9781.0	9450.0
gRNA_13002	VHL	64749.0	66183.0	44385.0	18481.0	36219.0	17271.0	34572.0	25870.0	23875.0
gRNA_13003	VHL	12735.0	12440.0	12433.0	10127.0	14706.0	8649.0	17487.0	9987.0	9992.0
gRNA_13004	VHL	17944.0	14885.0	11125.0	6499.0	9415.0	5576.0	9578.0	8785.0	8355.0
gRNA_13005	VHL	3075.0	3575.0	2537.0	2143.0	5474.0	2294.0	3726.0	2771.0	3444.0
gRNA_13006	VHL	9991.0	9087.0	2706.0	5215.0	6787.0	3890.0	7554.0	4884.0	6377.0
gRNA_13007	VHL	2016.0	2400.0	2206.0	2751.0	4029.0	1999.0	1273.0	1325.0	1010.0
gRNA_13008	VHL	30.0	3.0	5.0	0.0	0.0	0.0	0.0	0.0	0.0
gRNA_13009	VHL	34815.0	42381.0	38484.0	26916.0	50847.0	27771.0	50031.0	33966.0	37077.0
gRNA_13010	VHL	23829.0	26791.0	24614.0	15160.0	31878.0	18514.0	36292.0	20556.0	22583.0
gRNA_13011	VHL	5762.0	6863.0	3207.0	3927.0	6833.0	3693.0	8866.0	7768.0	6725.0
gRNA_13058	XIAP	10575.0	12154.0	8884.0	8946.0	13443.0	7877.0	16915.0	10665.0	12752.0
gRNA_13059	XIAP	12973.0	12399.0	14196.0	10392.0	17677.0	12222.0	21441.0	13439.0	13373.0
gRNA_13260	controlsgRNA	11831.0	11177.0	11101.0	14148.0	16840.0	10471.0	24314.0	16635.0	16620.0
gRNA_13261	controlsgRNA	4280.0	4761.0	4739.0	6247.0	6318.0	4163.0	6681.0	3743.0	3597.0
gRNA_13262	controlsgRNA	2847.0	2321.0	2875.0	4021.0	4964.0	2888.0	4549.0	3479.0	4338.0
gRNA_13263	controlsgRNA	15611.0	17309.0	18640.0	16042.0	20699.0	13958.0	31719.0	14943.0	16928.0
gRNA_13264	controlsgRNA	18622.0	21542.0	21911.0	14942.0	25916.0	13946.0	29846.0	12951.0	15195.0
gRNA_13265	controlsgRNA	11044.0	10375.0	12248.0	8373.0	13988.0	8345.0	14569.0	10350.0	9966.0
gRNA_13266	controlsgRNA	10704.0	10289.0	8920.0	10619.0	16195.0	9151.0	20280.0	13991.0	13600.0
gRNA_13267	controlsgRNA	7904.0	7050.0	7252.0	6550.0	9549.0	4614.0	14375.0	9597.0	9954.0
gRNA_13268	controlsgRNA	4086.0	4013.0	4282.0	4934.0	6562.0	4204.0	8244.0	4294.0	4960.0
gRNA_13269	controlsgRNA	9814.0	8213.0	6629.0	12864.0	15420.0	9342.0	18066.0	11219.0	11388.0
gRNA_13270	controlsgRNA	7650.0	8786.0	6713.0	8519.0	11310.0	6940.0	17985.0	7930.0	9961.0
gRNA_13271	controlsgRNA	16660.0	19603.0	18066.0	13587.0	21700.0	10876.0	40229.0	20642.0	24893.0
gRNA_13272	controlsgRNA	6038.0	5070.0	5501.0	7302.0	9137.0	5259.0	9510.0	7476.0	7317.0
gRNA_13273	controlsgRNA	4338.0	3527.0	3091.0	6459.0	9195.0	5518.0	7416.0	5338.0	6250.0
gRNA_13274	controlsgRNA	7939.0	7573.0	9760.0	9520.0	14499.0	9214.0	16450.0	9338.0	10216.0
gRNA_13275	controlsgRNA	18996.0	21275.0	23224.0	21094.0	30140.0	17558.0	46189.0	22667.0	23820.0
gRNA_13276	controlsgRNA	8097.0	9566.0	9979.0	10043.0	14701.0	7743.0	17818.0	10392.0	9515.0
gRNA_13277	controlsgRNA	7172.0	6970.0	8834.0	6847.0	10872.0	6839.0	14106.0	7309.0	7958.0
gRNA_13278	controlsgRNA	5717.0	5343.0	6356.0	6524.0	8197.0	4902.0	10157.0	6118.0	7440.0
gRNA_13279	controlsgRNA	7571.0	8096.0	9337.0	7404.0	11591.0	6748.0	19705.0	8516.0	10204.0
gRNA_13280	controlsgRNA	23389.0	26297.0	22893.0	16017.0	26603.0	14050.0	35344.0	21622.0	21165.0
gRNA_13281	controlsgRNA	2783.0	1853.0	2324.0	3837.0	4019.0	2963.0	3617.0	3020.0	2657.0
gRNA_13282	controlsgRNA	3006.0	3577.0	3429.0	3997.0	4110.0	2136.0	5953.0	2834.0	2571.0
gRNA_13283	controlsgRNA	2260.0	1712.0	1495.0	3105.0	4552.0	3099.0	3958.0	2717.0	2913.0
gRNA_13284	controlsgRNA	10620.0	12329.0	9259.0	11227.0	16861.0	11652.0	18983.0	10469.0	14132.0
gRNA_13285	controlsgRNA	13579.0	15036.0	13437.0	12513.0	17693.0	8721.0	22784.0	15832.0	16165.0
gRNA_13599	controlsgRNA	10887.0	11510.0	6589.0	4752.0	7689.0	3702.0	10445.0	5413.0	5634.0
gRNA_13600	controlsgRNA	15958.0	16277.0	7603.0	3252.0	6823.0	4096.0	13351.0	6708.0	8904.0
gRNA_13601	controlsgRNA	30204.0	31769.0	20182.0	12927.0	22965.0	11433.0	23304.0	18325.0	14449.0
gRNA_13602	controlsgRNA	10755.0	11998.0	6366.0	5591.0	5782.0	3787.0	13436.0	6342.0	7320.0
gRNA_13603	controlsgRNA	16287.0	16482.0	7738.0	3942.0	8179.0	5348.0	10123.0	6917.0	6712.0
gRNA_13604	controlsgRNA	30467.0	30615.0	18579.0	14913.0	22348.0	10267.0	30553.0	13120.0	14259.0
gRNA_13605	controlsgRNA	12679.0	13332.0	7547.0	4087.0	7456.0	5165.0	13771.0	4087.0	5664.0
gRNA_13606	controlsgRNA	50781.0	53566.0	24407.0	14310.0	29767.0	16994.0	41648.0	22720.0	23874.0
gRNA_13607	controlsgRNA	26689.0	26676.0	13389.0	7951.0	13292.0	8560.0	17044.0	9112.0	11379.0
gRNA_13608	controlsgRNA	5656.0	5616.0	2778.0	1933.0	3212.0	2132.0	4170.0	2989.0	3795.0
